# step, loss_train, loss_test, metrics_test
0.000000000000000000e+00 1.948699047134734184e-03 1.119667619515875151e-01 8.458546546609614289e-03 3.124752237420305809e-03 5.279226085415322962e-03 7.637346396136996405e-04 6.429272774729688153e-04 1.848044551703225680e-01 2.023402413688950296e-02 4.170174715637679774e-02 1.895714260457539600e-03 1.075275133524377230e-01 8.442204161557238101e-03 3.124752237420305809e-03 5.279226085415322962e-03 7.637346396136996405e-04 6.429272774729688153e-04 1.848044551703225680e-01 2.023402413688950296e-02 4.170174715637679774e-02
1.000000000000000000e+02 1.006011449331790594e-04 2.553178581521582227e-05 1.748046236292354885e-03 3.218579893422384309e-03 9.131747624762803512e-04 2.706326496873166093e-03 1.137064295994417258e-04 9.748738265262910443e-03 9.345941089568840596e-05 1.557696503546650044e-05 9.971729254259855172e-05 2.531885578992911255e-05 1.814257333036146296e-03 3.218579893422384309e-03 9.131747624762803512e-04 2.706326496873166093e-03 1.137064295994417258e-04 9.748738265262910443e-03 9.345941089568840596e-05 1.557696503546650044e-05
2.000000000000000000e+02 6.751805746148999295e-05 1.483886158160581300e-05 2.305833232574509319e-03 5.952643949477437512e-04 9.430135097954388604e-04 3.981000809883334171e-03 1.453410136212066235e-04 1.564565115272915311e-03 1.271676162692419337e-04 1.264220633330404359e-06 7.264916214275540080e-05 1.329200066551374342e-05 2.450584511655723007e-03 5.952643949477437512e-04 9.430135097954388604e-04 3.981000809883334171e-03 1.453410136212066235e-04 1.564565115272915311e-03 1.271676162692419337e-04 1.264220633330404359e-06
3.000000000000000000e+02 2.168386712470380285e-05 1.689488703944687416e-05 2.293348403044811676e-03 4.779884968624408849e-04 7.528145134056676759e-04 3.414311094639878568e-03 1.139385273332186151e-04 1.210393907259260269e-03 1.252182957769228577e-04 5.951359199028172536e-07 2.312138292057603673e-05 1.568252570159646804e-05 2.442939667429890310e-03 4.779884968624408849e-04 7.528145134056676759e-04 3.414311094639878568e-03 1.139385273332186151e-04 1.210393907259260269e-03 1.252182957769228577e-04 5.951359199028172536e-07
4.000000000000000000e+02 7.646806684255321455e-06 2.369625531275302004e-05 2.169430082079063567e-03 4.283830787891107147e-04 6.381503073832693173e-04 3.044411516538051386e-03 1.013920308272469315e-04 9.895259942303310900e-04 1.348995702294942492e-04 2.198258723278071671e-06 7.825410051687029910e-06 2.322030991005049756e-05 2.334215665110341096e-03 4.283830787891107147e-04 6.381503073832693173e-04 3.044411516538051386e-03 1.013920308272469315e-04 9.895259942303310900e-04 1.348995702294942492e-04 2.198258723278071671e-06
5.000000000000000000e+02 6.939508765469758265e-06 2.286996063835567775e-05 2.002085316199736335e-03 3.650172186000995344e-04 6.571139012424381766e-04 2.812987674551863451e-03 1.014945341017309017e-04 8.265770838715598683e-04 1.291552785106439560e-04 1.562351837251269522e-06 7.015967087305600142e-06 2.159611239716909464e-05 2.195650865598603157e-03 3.650172186000995344e-04 6.571139012424381766e-04 2.812987674551863451e-03 1.014945341017309017e-04 8.265770838715598683e-04 1.291552785106439560e-04 1.562351837251269522e-06
6.000000000000000000e+02 1.170378692597742559e-05 2.059904779971420284e-05 1.823478297097150388e-03 2.333376905540750690e-04 6.967315548665523571e-04 2.558437626772862988e-03 9.715513850342479430e-05 6.855264684742761860e-04 1.075938793528478330e-04 1.056001870868652127e-06 1.165948690908272439e-05 1.896943838384254708e-05 2.051649982069460917e-03 2.333376905540750690e-04 6.967315548665523571e-04 2.558437626772862988e-03 9.715513850342479430e-05 6.855264684742761860e-04 1.075938793528478330e-04 1.056001870868652127e-06
7.000000000000000000e+02 2.767334825200902507e-05 1.893424300469479535e-05 1.906805403206382043e-03 1.169630661140244501e-04 7.262384624550742704e-04 2.405541278882932996e-03 8.383609590973046307e-05 3.223979620928835881e-04 7.044675557525448576e-05 6.785605782536952499e-07 2.782416637199694212e-05 1.713351983912707698e-05 2.192955613548742532e-03 1.169630661140244501e-04 7.262384624550742704e-04 2.405541278882932996e-03 8.383609590973046307e-05 3.223979620928835881e-04 7.044675557525448576e-05 6.785605782536952499e-07
8.000000000000000000e+02 3.806961857289942251e-05 1.774162923728574886e-05 1.513998263478808122e-03 7.895653922512443912e-05 8.222316735150140329e-04 2.089512445600443229e-03 8.020695118715316868e-05 4.798467285002816648e-04 6.794955637656260189e-05 5.598886773250559192e-07 3.736713961843785378e-05 1.612651739659591192e-05 1.776261723445960805e-03 7.895653922512443912e-05 8.222316735150140329e-04 2.089512445600443229e-03 8.020695118715316868e-05 4.798467285002816648e-04 6.794955637656260189e-05 5.598886773250559192e-07
9.000000000000000000e+02 4.402146021614821461e-05 1.870922394961751402e-05 1.427953550376945008e-03 6.837632346646365376e-05 8.736493633837971165e-04 1.997293710905922049e-03 7.336296795965789553e-05 4.217443278553878504e-04 5.559906110484464145e-05 4.829498633066392671e-07 4.384680351244336932e-05 1.754774100029157606e-05 1.693251538515272740e-03 6.837632346646365376e-05 8.736493633837971165e-04 1.997293710905922049e-03 7.336296795965789553e-05 4.217443278553878504e-04 5.559906110484464145e-05 4.829498633066392671e-07
1.000000000000000000e+03 4.490736332361869039e-05 1.982926853155101560e-05 1.368579729872032797e-03 6.711093959098058087e-05 9.033630787641664306e-04 1.948020900022711050e-03 6.580110062557899795e-05 3.922640040491546989e-04 4.750035010306668441e-05 4.615313671977761182e-07 4.505560682414375801e-05 1.906526758997998099e-05 1.636773710633227831e-03 6.711093959098058087e-05 9.033630787641664306e-04 1.948020900022711050e-03 6.580110062557899795e-05 3.922640040491546989e-04 4.750035010306668441e-05 4.615313671977761182e-07
1.100000000000000000e+03 4.331145934897674227e-05 2.036945318500969543e-05 1.335615779033918387e-03 6.878195518131076001e-05 9.184855805204018495e-04 1.927688933527394594e-03 6.030379162644639664e-05 3.761792412241399242e-04 4.416872878968597686e-05 4.534294998913868616e-07 4.335171381884730512e-05 1.987334983353954197e-05 1.604465844336635996e-03 6.878195518131076001e-05 9.184855805204018495e-04 1.927688933527394594e-03 6.030379162644639664e-05 3.761792412241399242e-04 4.416872878968597686e-05 4.534294998913868616e-07
1.200000000000000000e+03 4.137287923712085029e-05 1.972090770427509717e-05 1.321687315519196916e-03 7.213024481234522997e-05 9.249927432558652978e-04 1.908809502090446286e-03 5.681491523516592944e-05 3.572229293126564804e-04 4.265641924374188822e-05 4.373938987680474223e-07 4.165672514901444626e-05 1.956783522339398769e-05 1.591204148987321321e-03 7.213024481234522997e-05 9.249927432558652978e-04 1.908809502090446286e-03 5.681491523516592944e-05 3.572229293126564804e-04 4.265641924374188822e-05 4.373938987680474223e-07
1.300000000000000000e+03 3.797425370069082580e-05 1.845634900618643609e-05 1.308435096607544600e-03 7.326803273700184754e-05 9.226674240584139880e-04 1.901175631748906400e-03 5.411286277682470809e-05 3.489053640471445291e-04 4.103561285206352007e-05 4.528906424554865944e-07 3.821512226468694681e-05 1.854325907439230200e-05 1.578014346442172455e-03 7.326803273700184754e-05 9.226674240584139880e-04 1.901175631748906400e-03 5.411286277682470809e-05 3.489053640471445291e-04 4.103561285206352007e-05 4.528906424554865944e-07
1.400000000000000000e+03 3.656515815782974830e-05 1.743431364790492611e-05 1.343888848386933735e-03 7.373266734839536724e-05 9.156717503365903411e-04 1.908311135660733723e-03 5.167003287754624445e-05 2.917270529767067690e-04 3.994546579695922229e-05 4.543255073710985540e-07 3.712856153914945650e-05 1.769075334327241251e-05 1.619920764894364163e-03 7.373266734839536724e-05 9.156717503365903411e-04 1.908311135660733723e-03 5.167003287754624445e-05 2.917270529767067690e-04 3.994546579695922229e-05 4.543255073710985540e-07
1.500000000000000000e+03 3.045798511944691018e-05 1.666977724531062941e-05 9.967311172388165774e-04 1.078516211575991602e-04 9.801797416701682822e-04 1.790729285236635328e-03 5.382557675804286229e-05 8.181289746573207778e-04 5.716517170452464135e-05 2.158752673075749031e-06 2.955412600744143512e-05 1.727724784742706466e-05 1.213514684850001317e-03 1.078516211575991602e-04 9.801797416701682822e-04 1.790729285236635328e-03 5.382557675804286229e-05 8.181289746573207778e-04 5.716517170452464135e-05 2.158752673075749031e-06
1.600000000000000000e+03 3.281766549190690327e-05 1.507459371212806853e-05 1.289338988603325620e-03 7.892440724655361024e-05 9.176366660219247798e-04 1.881721375949987115e-03 4.903279800927966308e-05 3.115128668705987496e-04 4.030450105627622138e-05 2.718945767568135731e-07 3.344385327079555726e-05 1.557168833494582892e-05 1.561121443238333573e-03 7.892440724655361024e-05 9.176366660219247798e-04 1.881721375949987115e-03 4.903279800927966308e-05 3.115128668705987496e-04 4.030450105627622138e-05 2.718945767568135731e-07
1.700000000000000000e+03 3.774071850704022949e-05 1.703967394700071588e-05 7.084390266203380391e-04 1.836269439793445821e-04 1.078748748575479198e-03 1.682499195593913088e-03 5.689128416554406313e-05 1.753952707627944550e-03 8.968388153165447816e-05 8.671518892586210911e-05 3.591734527466809777e-05 1.767486778297490716e-05 8.628208710811866022e-04 1.836269439793445821e-04 1.078748748575479198e-03 1.682499195593913088e-03 5.689128416554406313e-05 1.753952707627944550e-03 8.968388153165447816e-05 8.671518892586210911e-05
1.800000000000000000e+03 3.074553353729525432e-05 1.239148528671733109e-05 1.275474100185606955e-03 8.254847332009867405e-05 9.053616798290348979e-04 1.869753258910974731e-03 4.665917420225506007e-05 2.958431223269694156e-04 4.001101346101312720e-05 2.462928399950379181e-07 3.144076644303880013e-05 1.270094248189650059e-05 1.549712854112063592e-03 8.254847332009867405e-05 9.053616798290348979e-04 1.869753258910974731e-03 4.665917420225506007e-05 2.958431223269694156e-04 4.001101346101312720e-05 2.462928399950379181e-07
1.900000000000000000e+03 3.026769992115425141e-05 1.087582934578618565e-05 1.258292732420153003e-03 8.625724914063604353e-05 8.958439205552184330e-04 1.858543106740770780e-03 4.580996329011473631e-05 2.944346356728786405e-04 3.933434088452151070e-05 2.585205910982031350e-07 3.088434997362195933e-05 1.093897819792045906e-05 1.532844160081909971e-03 8.625724914063604353e-05 8.958439205552184330e-04 1.858543106740770780e-03 4.580996329011473631e-05 2.944346356728786405e-04 3.933434088452151070e-05 2.585205910982031350e-07
2.000000000000000000e+03 2.997670132915591899e-05 1.013183152618988058e-05 1.245847026756180618e-03 8.748476644281750168e-05 8.816303438685655670e-04 1.850479273826278635e-03 4.511507229144559334e-05 2.879038373395856332e-04 3.876830484969123861e-05 3.092729560830218734e-07 3.054136542139896879e-05 9.772878672815329973e-06 1.522554738862224406e-03 8.748476644281750168e-05 8.816303438685655670e-04 1.850479273826278635e-03 4.511507229144559334e-05 2.879038373395856332e-04 3.876830484969123861e-05 3.092729560830218734e-07
2.100000000000000000e+03 3.053287993921478691e-05 1.044048042849848056e-05 1.240999712927365805e-03 8.914943092698445425e-05 8.671560195833255243e-04 1.843732540821976665e-03 4.412239887927175725e-05 2.684872565684646951e-04 3.845172899570425121e-05 2.909391477923160608e-07 3.096372692792950055e-05 9.681650527224960716e-06 1.520367048887982537e-03 8.914943092698445425e-05 8.671560195833255243e-04 1.843732540821976665e-03 4.412239887927175725e-05 2.684872565684646951e-04 3.845172899570425121e-05 2.909391477923160608e-07
2.200000000000000000e+03 3.440538701949030136e-05 1.378532652481165073e-05 5.435403521611731781e-04 2.981044475978220239e-04 1.201613197641099697e-03 1.475408361471183382e-03 6.532846400166366545e-05 3.366659878942444145e-03 1.125868703900509497e-04 5.561406087697480700e-05 3.483117899409508470e-05 1.194116523534491384e-05 6.234720806332155144e-04 2.981044475978220239e-04 1.201613197641099697e-03 1.475408361471183382e-03 6.532846400166366545e-05 3.366659878942444145e-03 1.125868703900509497e-04 5.561406087697480700e-05
2.300000000000000000e+03 3.260413850789833532e-05 1.292937724978530731e-05 1.209851154826702959e-03 9.604312741798179355e-05 8.072373880302161769e-04 1.809450963629954468e-03 4.272243157318462135e-05 2.386076496347477437e-04 3.690024375731491981e-05 4.326098711378360461e-07 3.263794761435955260e-05 1.161157569159366077e-05 1.494777247343919303e-03 9.604312741798179355e-05 8.072373880302161769e-04 1.809450963629954468e-03 4.272243157318462135e-05 2.386076496347477437e-04 3.690024375731491981e-05 4.326098711378360461e-07
2.400000000000000000e+03 3.556322537256866869e-05 1.471829379052833838e-05 1.165706179897340808e-03 1.027679780127245177e-04 7.434767085131899255e-04 1.773259779834478580e-03 4.177296795708102401e-05 2.183335402952175268e-04 3.564400471900377212e-05 4.982930278479130865e-07 3.507549350072097961e-05 1.358519651526657665e-05 1.447261112989969194e-03 1.027679780127245177e-04 7.434767085131899255e-04 1.773259779834478580e-03 4.177296795708102401e-05 2.183335402952175268e-04 3.564400471900377212e-05 4.982930278479130865e-07
2.500000000000000000e+03 3.811104450796052397e-05 1.850747528334425755e-05 1.053266616378433287e-03 9.801068744941198970e-05 7.252758593504002446e-04 1.729071367735417414e-03 4.346378969710478038e-05 2.326436333594526546e-04 3.904528526517136468e-05 1.265881472131825375e-06 3.733971484204069355e-05 1.703853424849813430e-05 1.311924660789165259e-03 9.801068744941198970e-05 7.252758593504002446e-04 1.729071367735417414e-03 4.346378969710478038e-05 2.326436333594526546e-04 3.904528526517136468e-05 1.265881472131825375e-06
2.600000000000000000e+03 5.357096557677398367e-05 2.889361446756237892e-05 1.000887578558566941e-03 9.729396712782508165e-05 5.862266954459160453e-04 1.675116189208953775e-03 4.046224390886208125e-05 2.090315017167513809e-04 3.215269826992777301e-05 3.522938374504360631e-07 5.277489761901815626e-05 2.543200739309166232e-05 1.239252882740294855e-03 9.729396712782508165e-05 5.862266954459160453e-04 1.675116189208953775e-03 4.046224390886208125e-05 2.090315017167513809e-04 3.215269826992777301e-05 3.522938374504360631e-07
2.700000000000000000e+03 7.984166866981038237e-05 4.500957152578939754e-05 1.028396597110858152e-03 1.401957097822885217e-04 4.513442412001223282e-04 1.724649613132077852e-03 3.717665258334114993e-05 1.292854213135303750e-04 3.051776433640955956e-05 1.776200615853585341e-05 8.016612524945635951e-05 3.646529670703678547e-05 1.241494320637927988e-03 1.401957097822885217e-04 4.513442412001223282e-04 1.724649613132077852e-03 3.717665258334114993e-05 1.292854213135303750e-04 3.051776433640955956e-05 1.776200615853585341e-05
2.800000000000000000e+03 1.128251423071808282e-04 5.553416597934010882e-05 3.579548511693268699e-04 8.764304361120186322e-05 8.224135153456864009e-04 1.509317373782276869e-03 6.402103873746956052e-05 7.645867216481564213e-04 1.167581126604624978e-04 8.093706823089329771e-06 1.144523600267040954e-04 5.228161053765901340e-05 4.191691060389850449e-04 8.764304361120186322e-05 8.224135153456864009e-04 1.509317373782276869e-03 6.402103873746956052e-05 7.645867216481564213e-04 1.167581126604624978e-04 8.093706823089329771e-06
2.900000000000000000e+03 1.622105009553705633e-04 4.863727882537595719e-05 6.191839259498091615e-04 3.218081726573139486e-05 3.906759045557570620e-04 1.641890467290161226e-03 4.427435608284404093e-05 1.979274663576145038e-04 1.133102752046521623e-05 9.485049376534518972e-08 1.528428744831877514e-04 4.444300388638777451e-05 7.486393607075594696e-04 3.218081726573139486e-05 3.906759045557570620e-04 1.641890467290161226e-03 4.427435608284404093e-05 1.979274663576145038e-04 1.133102752046521623e-05 9.485049376534518972e-08
3.000000000000000000e+03 1.923870067753178823e-04 4.029157503246827437e-05 5.686510377428224180e-04 2.523552719275732242e-05 3.526018486674380495e-04 1.652351338318942993e-03 4.181879437968840421e-05 1.845963188436600848e-04 7.094517530183058500e-06 1.278475877914338685e-07 1.802504440735091021e-04 3.869381155780394766e-05 6.856797413584647628e-04 2.523552719275732242e-05 3.526018486674380495e-04 1.652351338318942993e-03 4.181879437968840421e-05 1.845963188436600848e-04 7.094517530183058500e-06 1.278475877914338685e-07
3.100000000000000000e+03 2.336126342095513702e-04 3.604831084765575952e-05 1.037392995347898115e-03 2.426107931997421722e-05 1.518027001300006407e-04 1.789516729707859135e-03 3.528755198390280234e-05 1.171600817519127851e-04 3.908196532305534433e-05 5.826922256150834663e-07 2.143687652449228944e-04 3.589986677164129438e-05 1.186810257747765570e-03 2.426107931997421722e-05 1.518027001300006407e-04 1.789516729707859135e-03 3.528755198390280234e-05 1.171600817519127851e-04 3.908196532305534433e-05 5.826922256150834663e-07
3.200000000000000000e+03 2.401793247385161124e-04 3.121277257498482002e-05 4.591388123119191666e-04 1.449317456917235677e-05 3.220845290785656146e-04 1.663335312238590829e-03 3.922374328106795405e-05 1.814951748475359414e-04 4.894720717794688421e-06 2.893665807722742277e-07 2.295828033232218926e-04 3.293207831696201500e-05 5.533500451730441038e-04 1.449317456917235677e-05 3.220845290785656146e-04 1.663335312238590829e-03 3.922374328106795405e-05 1.814951748475359414e-04 4.894720717794688421e-06 2.893665807722742277e-07
3.300000000000000000e+03 2.572224907947208211e-04 2.842183902063076767e-05 4.256843716704799413e-04 1.233109769579018791e-05 3.059728999811162737e-04 1.668025974451348235e-03 3.742863280266085893e-05 1.784257603509104484e-04 4.243319107099209216e-06 3.711449457302815437e-07 2.481808980263723119e-04 3.077317398447455111e-05 5.131462485236056893e-04 1.233109769579018791e-05 3.059728999811162737e-04 1.668025974451348235e-03 3.742863280266085893e-05 1.784257603509104484e-04 4.243319107099209216e-06 3.711449457302815437e-07
3.400000000000000000e+03 2.487862668694840033e-04 2.756245025704044777e-05 3.271160702600217217e-04 4.725050504796586781e-05 3.750964516866468540e-04 1.644963568779928692e-03 3.896608270213302363e-05 2.799260875614533709e-04 1.505288575188359173e-05 3.606132106127283510e-06 2.462440253255883155e-04 2.972117965034115503e-05 3.955351594828148938e-04 4.725050504796586781e-05 3.750964516866468540e-04 1.644963568779928692e-03 3.896608270213302363e-05 2.799260875614533709e-04 1.505288575188359173e-05 3.606132106127283510e-06
3.500000000000000000e+03 2.703436907058183155e-04 2.490986098177232544e-05 3.915520034164580152e-04 1.054559737423383307e-05 2.895559482550544902e-04 1.667743264048488329e-03 3.387558727349384267e-05 1.756126932800790004e-04 3.414370880572213223e-06 4.782248468811774340e-07 2.662241355487314368e-04 2.781301149902909456e-05 4.721558365683500022e-04 1.054559737423383307e-05 2.895559482550544902e-04 1.667743264048488329e-03 3.387558727349384267e-05 1.756126932800790004e-04 3.414370880572213223e-06 4.782248468811774340e-07
3.600000000000000000e+03 2.810114044289684608e-04 2.377335947256676546e-05 3.720386870058960105e-04 9.517006911949095206e-06 2.776127385380982421e-04 1.669590054072109730e-03 3.261148461853176318e-05 1.727952231111972434e-04 3.263934438644852943e-06 5.392064663775595503e-07 2.791444542277704641e-04 2.682303647690073426e-05 4.484444753049225815e-04 9.517006911949095206e-06 2.776127385380982421e-04 1.669590054072109730e-03 3.261148461853176318e-05 1.727952231111972434e-04 3.263934438644852943e-06 5.392064663775595503e-07
3.700000000000000000e+03 2.805690215858243721e-04 2.265636199439700733e-05 3.826443141023056524e-04 9.340597153606789129e-06 2.650107601354223107e-04 1.675369365475031435e-03 3.099531546383735498e-05 1.581906093056701019e-04 2.810741315026898895e-06 5.487268572717884658e-07 2.811509538167025713e-04 2.573782958516367423e-05 4.604066988474773471e-04 9.340597153606789129e-06 2.650107601354223107e-04 1.675369365475031435e-03 3.099531546383735498e-05 1.581906093056701019e-04 2.810741315026898895e-06 5.487268572717884658e-07
3.800000000000000000e+03 2.923048825297227074e-04 2.230748605953368138e-05 3.476054668663639447e-04 8.655556787097341690e-06 2.628240850165142173e-04 1.667931724704592661e-03 3.030607041182546978e-05 1.699778451931400602e-04 3.087516869378733180e-06 6.010560946220193090e-07 2.952000245318624552e-04 2.552613290664956246e-05 4.186847508264370530e-04 8.655556787097341690e-06 2.628240850165142173e-04 1.667931724704592661e-03 3.030607041182546978e-05 1.699778451931400602e-04 3.087516869378733180e-06 6.010560946220193090e-07
3.900000000000000000e+03 2.994079206555665010e-04 2.163513754662939567e-05 3.304303928693820927e-04 8.192362811255416430e-06 2.559793607276116640e-04 1.665823153063565815e-03 2.930479850861857405e-05 1.716694819031415497e-04 3.120506644772045952e-06 6.486285079001726073e-07 3.046549668712644895e-04 2.492215074397151773e-05 3.977863865096055874e-04 8.192362811255416430e-06 2.559793607276116640e-04 1.665823153063565815e-03 2.930479850861857405e-05 1.716694819031415497e-04 3.120506644772045952e-06 6.486285079001726073e-07
4.000000000000000000e+03 2.982601709814885235e-04 2.119619639312647765e-05 3.382061055378553856e-04 8.095664700073575514e-06 2.466707043166416246e-04 1.660397029422819954e-03 2.769545816913022071e-05 1.732473101394397543e-04 2.417962181883899531e-06 5.785766378273986310e-07 3.054863175016504545e-04 2.446918260476079257e-05 4.068542811621305832e-04 8.095664700073575514e-06 2.466707043166416246e-04 1.660397029422819954e-03 2.769545816913022071e-05 1.732473101394397543e-04 2.417962181883899531e-06 5.785766378273986310e-07
4.100000000000000000e+03 3.080653455413653223e-04 2.105257427623958338e-05 3.172057882728575068e-04 8.025877913693273941e-06 2.442809080532839724e-04 1.663774884257415146e-03 2.720945401539507296e-05 1.656684930121703138e-04 2.735337382150215536e-06 6.782174742381082569e-07 3.173201977948645843e-04 2.441012608619116882e-05 3.813477080408745538e-04 8.025877913693273941e-06 2.442809080532839724e-04 1.663774884257415146e-03 2.720945401539507296e-05 1.656684930121703138e-04 2.735337382150215536e-06 6.782174742381082569e-07
4.200000000000000000e+03 3.143432008533616887e-04 2.065927174130439866e-05 3.057624222224768207e-04 7.889567132147257966e-06 2.371173817342656575e-04 1.663489716775603698e-03 2.633255507687175633e-05 1.630454871317584421e-04 2.753553678459943640e-06 7.227606410943005393e-07 3.258130948197480743e-04 2.402806359578034238e-05 3.671824156538063184e-04 7.889567132147257966e-06 2.371173817342656575e-04 1.663489716775603698e-03 2.633255507687175633e-05 1.630454871317584421e-04 2.753553678459943640e-06 7.227606410943005393e-07
4.300000000000000000e+03 3.127680089909395012e-04 2.037965458237800929e-05 3.071522387785638594e-04 8.219544726853947772e-06 2.329609152384836258e-04 1.665271036502075520e-03 2.531835065930285788e-05 1.560434084968272356e-04 2.557499476907499959e-06 1.114272918125780245e-06 3.265404726099964405e-04 2.372735894482617494e-05 3.687247829824951534e-04 8.219544726853947772e-06 2.329609152384836258e-04 1.665271036502075520e-03 2.531835065930285788e-05 1.560434084968272356e-04 2.557499476907499959e-06 1.114272918125780245e-06
4.400000000000000000e+03 3.228151532195989060e-04 2.030273786835744130e-05 2.900847620413004734e-04 7.848749614394305381e-06 2.268247722000161517e-04 1.661038033048994195e-03 2.476636982157018050e-05 1.592459285093997354e-04 2.659040298692920532e-06 7.713187204108142250e-07 3.380351928801920546e-04 2.369685166153241267e-05 3.477890242713552573e-04 7.848749614394305381e-06 2.268247722000161517e-04 1.661038033048994195e-03 2.476636982157018050e-05 1.592459285093997354e-04 2.659040298692920532e-06 7.713187204108142250e-07
4.500000000000000000e+03 3.212183589238552773e-04 1.984693397174916863e-05 2.765051663666268783e-04 8.613827712875656896e-06 2.345580651406864643e-04 1.654235405171802569e-03 2.438994816968909494e-05 1.678751605674966914e-04 3.148955646399391371e-06 2.149964740945779365e-06 3.358938954439585423e-04 2.326437343743911678e-05 3.317613287011656484e-04 8.613827712875656896e-06 2.345580651406864643e-04 1.654235405171802569e-03 2.438994816968909494e-05 1.678751605674966914e-04 3.148955646399391371e-06 2.149964740945779365e-06
4.600000000000000000e+03 3.313208772434136722e-04 2.027048054674493804e-05 2.763947038952612617e-04 7.760170310256811837e-06 2.174399657125811267e-04 1.657540993602548860e-03 2.314731809625706843e-05 1.565781248858634685e-04 2.417773960123734939e-06 8.234870165936170469e-07 3.503326220955118426e-04 2.370242511528671049e-05 3.309173750976457775e-04 7.760170310256811837e-06 2.174399657125811267e-04 1.657540993602548860e-03 2.314731809625706843e-05 1.565781248858634685e-04 2.417773960123734939e-06 8.234870165936170469e-07
4.700000000000000000e+03 3.367698065508681403e-04 2.018942673156796510e-05 2.677085054823980913e-04 7.776716106319458681e-06 2.117732971700303978e-04 1.656668801818905572e-03 2.243357566495836998e-05 1.541128616692811516e-04 2.409963728584638590e-06 8.893493773959522972e-07 3.577536583524729488e-04 2.359744926317399675e-05 3.202111491893086265e-04 7.776716106319458681e-06 2.117732971700303978e-04 1.656668801818905572e-03 2.243357566495836998e-05 1.541128616692811516e-04 2.409963728584638590e-06 8.893493773959522972e-07
4.800000000000000000e+03 3.331510486639709741e-04 1.965653175445150621e-05 3.146201417192356778e-04 9.073517756823798054e-06 1.823539633513069909e-04 1.662106044372391612e-03 2.064017486060664165e-05 1.396882270110733862e-04 3.923866096673301060e-06 2.222063130796913748e-06 3.534502844750335351e-04 2.309739412578571782e-05 3.746841195291376382e-04 9.073517756823798054e-06 1.823539633513069909e-04 1.662106044372391612e-03 2.064017486060664165e-05 1.396882270110733862e-04 3.923866096673301060e-06 2.222063130796913748e-06
4.900000000000000000e+03 3.441362241257355349e-04 2.013684334070399464e-05 2.549219929077226423e-04 7.814130184733935922e-06 2.039956870902197902e-04 1.653597818700661007e-03 2.119202346431698611e-05 1.515001687399960119e-04 2.261058954907461352e-06 9.544758047409501508e-07 3.683243322160879786e-04 2.353867534284845105e-05 3.046174565777011304e-04 7.814130184733935922e-06 2.039956870902197902e-04 1.653597818700661007e-03 2.119202346431698611e-05 1.515001687399960119e-04 2.261058954907461352e-06 9.544758047409501508e-07
5.000000000000000000e+03 3.454976455187625233e-04 2.022996137535600078e-05 2.405106239985426017e-04 7.818493328260992155e-06 2.100383852461141815e-04 1.648648684940546942e-03 2.087604991285491407e-05 1.569060112271060013e-04 2.483605972677657582e-06 1.050529869719345456e-06 3.709244785450564069e-04 2.370305636869497298e-05 2.876317176781321440e-04 7.818493328260992155e-06 2.100383852461141815e-04 1.648648684940546942e-03 2.087604991285491407e-05 1.569060112271060013e-04 2.483605972677657582e-06 1.050529869719345456e-06
5.100000000000000000e+03 3.522718681025069007e-04 2.034415859818308609e-05 2.442383717126421407e-04 7.733162476570187605e-06 1.953347767004758506e-04 1.650837669992174205e-03 1.989385561554606928e-05 1.482486843969351147e-04 2.018644614166624812e-06 1.049674626132761986e-06 3.799343595492823944e-04 2.378736216618134347e-05 2.916215884205181400e-04 7.733162476570187605e-06 1.953347767004758506e-04 1.650837669992174205e-03 1.989385561554606928e-05 1.482486843969351147e-04 2.018644614166624812e-06 1.049674626132761986e-06
5.200000000000000000e+03 3.492075252221994242e-04 2.048104464199738693e-05 2.421896587126457032e-04 5.071153597585386459e-05 1.837067396702554169e-04 1.610289622751744044e-03 1.958059244236299903e-05 2.597115912511097384e-04 8.048416445418088829e-06 1.923398890283927219e-05 3.726824083932417440e-04 2.415864851197926043e-05 2.883306048299737558e-04 5.071153597585386459e-05 1.837067396702554169e-04 1.610289622751744044e-03 1.958059244236299903e-05 2.597115912511097384e-04 8.048416445418088829e-06 1.923398890283927219e-05
5.300000000000000000e+03 3.601440225255720783e-04 2.483535419139238019e-05 8.415398880998001426e-05 1.103313142536103551e-04 4.664808696670316593e-04 1.460588199338951889e-03 3.314542317704803864e-05 1.313389955868889776e-03 6.697554456284983903e-05 2.749586014494077904e-06 3.928342065394010334e-04 2.851581967176207183e-05 6.563660868720141094e-05 1.103313142536103551e-04 4.664808696670316593e-04 1.460588199338951889e-03 3.314542317704803864e-05 1.313389955868889776e-03 6.697554456284983903e-05 2.749586014494077904e-06
5.400000000000000000e+03 3.630062112301679872e-04 2.047047736224027759e-05 2.313757005273947456e-04 7.711886970008934264e-06 1.826475524488848441e-04 1.648087168196137259e-03 1.821204776287617481e-05 1.421349216896754871e-04 1.672329738460465900e-06 1.172896515746338291e-06 3.954714192987681190e-04 2.399537510784464036e-05 2.762292484436833923e-04 7.711886970008934264e-06 1.826475524488848441e-04 1.648087168196137259e-03 1.821204776287617481e-05 1.421349216896754871e-04 1.672329738460465900e-06 1.172896515746338291e-06
5.500000000000000000e+03 3.639293022240884523e-04 2.040163458440375575e-05 3.191210434648369910e-04 1.333142036715758353e-05 1.102385994952801161e-04 1.591867559334579369e-03 1.527649299349122540e-05 2.655703312817635437e-04 1.152054659673048979e-05 1.127770081157849694e-06 4.009399379352031421e-04 2.401185657106059306e-05 3.783217350838711992e-04 1.333142036715758353e-05 1.102385994952801161e-04 1.591867559334579369e-03 1.527649299349122540e-05 2.655703312817635437e-04 1.152054659673048979e-05 1.127770081157849694e-06
5.600000000000000000e+03 3.680764077147146958e-04 2.037285940824751270e-05 2.567720803648942647e-04 8.724935003887624585e-06 1.573125407967180904e-04 1.666493269492578221e-03 1.639092492813040735e-05 1.147097114142487344e-04 1.927975801921729604e-06 2.592289745696083320e-06 4.042298600985320370e-04 2.380844237377518089e-05 3.057190337505151642e-04 8.724935003887624585e-06 1.573125407967180904e-04 1.666493269492578221e-03 1.639092492813040735e-05 1.147097114142487344e-04 1.927975801921729604e-06 2.592289745696083320e-06
5.700000000000000000e+03 3.737277809175831703e-04 2.047903889054956871e-05 2.149679581947959591e-04 7.681235954378700826e-06 1.741584435149342734e-04 1.643167547979793551e-03 1.703047090544543393e-05 1.403728208833002352e-04 1.467771330399314969e-06 1.324698658223414045e-06 4.106660011341776192e-04 2.405234601405806277e-05 2.568561360483745198e-04 7.681235954378700826e-06 1.741584435149342734e-04 1.643167547979793551e-03 1.703047090544543393e-05 1.403728208833002352e-04 1.467771330399314969e-06 1.324698658223414045e-06
5.800000000000000000e+03 3.726276945858863067e-04 2.049512498445624887e-05 2.125826510744042747e-04 7.561905935733666487e-06 1.713707716252245797e-04 1.633145028568769655e-03 1.655412050089917023e-05 1.549436497180750735e-04 1.416582675489312787e-06 1.458362481240270680e-06 4.108975773231921479e-04 2.410681566439901204e-05 2.543670836137338015e-04 7.561905935733666487e-06 1.713707716252245797e-04 1.633145028568769655e-03 1.655412050089917023e-05 1.549436497180750735e-04 1.416582675489312787e-06 1.458362481240270680e-06
5.900000000000000000e+03 3.864386014309696585e-04 3.044672156048972616e-05 9.349673630575477110e-05 1.211668253082591234e-04 3.627974629767177707e-04 1.536170891157710890e-03 6.172783946272666770e-05 5.734102857137856387e-04 1.244402103809202800e-04 8.039386369401252353e-05 4.124319630064435184e-04 3.586078287558882471e-05 9.972285873894962420e-05 1.211668253082591234e-04 3.627974629767177707e-04 1.536170891157710890e-03 6.172783946272666770e-05 5.734102857137856387e-04 1.244402103809202800e-04 8.039386369401252353e-05
6.000000000000000000e+03 3.822780111944770959e-04 2.038682730915196539e-05 2.035384132398961206e-04 7.701637215975531324e-06 1.666728150496470020e-04 1.638851497447530630e-03 1.601372701103572735e-05 1.390109039080366759e-04 1.227973000546246499e-06 1.473287777683541787e-06 4.231976577093701959e-04 2.403310757292592079e-05 2.436378393673125785e-04 7.701637215975531324e-06 1.666728150496470020e-04 1.638851497447530630e-03 1.601372701103572735e-05 1.390109039080366759e-04 1.227973000546246499e-06 1.473287777683541787e-06
6.100000000000000000e+03 3.958517536693653216e-04 2.946479894263745510e-05 1.450439044675538045e-04 1.466181996165858727e-04 6.709291041711032888e-04 1.433351754361494304e-03 4.350175255129950440e-05 1.681742502160353623e-03 1.705261125136851093e-04 4.618097499960375505e-06 4.341891442312015531e-04 3.382142385901458476e-05 1.012429515137822935e-04 1.466181996165858727e-04 6.709291041711032888e-04 1.433351754361494304e-03 4.350175255129950440e-05 1.681742502160353623e-03 1.705261125136851093e-04 4.618097499960375505e-06
6.200000000000000000e+03 3.880422201608689828e-04 2.025941434583681963e-05 1.979784095467336242e-04 7.648597197199688674e-06 1.618251669256465534e-04 1.637234800518941064e-03 1.539290221383382508e-05 1.368503446630466036e-04 1.072314177880168409e-06 1.476377717114601777e-06 4.314700796549336237e-04 2.394963633399888116e-05 2.373551075098328167e-04 7.648597197199688674e-06 1.618251669256465534e-04 1.637234800518941064e-03 1.539290221383382508e-05 1.368503446630466036e-04 1.072314177880168409e-06 1.476377717114601777e-06
6.300000000000000000e+03 3.830245953741671060e-04 1.986803713050497308e-05 2.058435608191272633e-04 1.646269255226670021e-05 1.639087062725349934e-04 1.657187985360410740e-03 1.581287494133424120e-05 1.199884116557977103e-04 3.473987926674605986e-06 2.412590677623403915e-06 4.249992916588724154e-04 2.346173901990691009e-05 2.465367646114739611e-04 1.646269255226670021e-05 1.639087062725349934e-04 1.657187985360410740e-03 1.581287494133424120e-05 1.199884116557977103e-04 3.473987926674605986e-06 2.412590677623403915e-06
6.400000000000000000e+03 3.932061855126523344e-04 2.006555959381257402e-05 1.926726987185034534e-04 7.763795860515168736e-06 1.567212169627219508e-04 1.635709277429063394e-03 1.498802370604531513e-05 1.348593331068005294e-04 9.454179176003804130e-07 1.595856091177436150e-06 4.387287772220433346e-04 2.374022793605308848e-05 2.310998058130017110e-04 7.763795860515168736e-06 1.567212169627219508e-04 1.635709277429063394e-03 1.498802370604531513e-05 1.348593331068005294e-04 9.454179176003804130e-07 1.595856091177436150e-06
6.500000000000000000e+03 3.924083045825427956e-04 1.962368488258319388e-05 1.966787520253801091e-04 8.445411510281337013e-06 1.544224952885208963e-04 1.633397449179603642e-03 1.787761771648615206e-05 1.366469616873431010e-04 7.336959541300381492e-06 1.519411436671576629e-06 4.377281592287137857e-04 2.323162843267283497e-05 2.365674098511671107e-04 8.445411510281337013e-06 1.544224952885208963e-04 1.633397449179603642e-03 1.787761771648615206e-05 1.366469616873431010e-04 7.336959541300381492e-06 1.519411436671576629e-06
6.600000000000000000e+03 3.979676771711635917e-04 1.996240515081337008e-05 1.881041331212876479e-04 7.776516168875275770e-06 1.523407491945379729e-04 1.634096602827486743e-03 1.462115939582067589e-05 1.335941707751823072e-04 8.434492477907346579e-07 1.669839249820427700e-06 4.453059581546273149e-04 2.367607579713260001e-05 2.258516368619147160e-04 7.776516168875275770e-06 1.523407491945379729e-04 1.634096602827486743e-03 1.462115939582067589e-05 1.335941707751823072e-04 8.434492477907346579e-07 1.669839249820427700e-06
6.700000000000000000e+03 3.960474193427627283e-04 1.983435330750617961e-05 2.015477066870101526e-04 7.646143688926362267e-06 1.422268957814983926e-04 1.631292146044589948e-03 1.408816311756372837e-05 1.347795093319778710e-04 7.773447596651821760e-07 1.672914831301809080e-06 4.449701954833220653e-04 2.356000798008757674e-05 2.422904498727266492e-04 7.646143688926362267e-06 1.422268957814983926e-04 1.631292146044589948e-03 1.408816311756372837e-05 1.347795093319778710e-04 7.773447596651821760e-07 1.672914831301809080e-06
6.800000000000000000e+03 4.027846570267314130e-04 1.976807794062598669e-05 1.894277692947806703e-04 9.364842799343434202e-06 1.468267109188296034e-04 1.641293776134738775e-03 1.443853535071703925e-05 1.216587023550696182e-04 1.179279950942501382e-06 1.654716514658878545e-06 4.517956923047107987e-04 2.344039315685457855e-05 2.277149308885200851e-04 9.364842799343434202e-06 1.468267109188296034e-04 1.641293776134738775e-03 1.443853535071703925e-05 1.216587023550696182e-04 1.179279950942501382e-06 1.654716514658878545e-06
6.900000000000000000e+03 4.025334075303615652e-04 1.971254849279265839e-05 1.828785965082146557e-04 7.832180016444592014e-06 1.479064976914106020e-04 1.630921991841757400e-03 1.418653612692173999e-05 1.342576890290875420e-04 7.187157966786278845e-07 1.714596482991817147e-06 4.519295990421706884e-04 2.342167233507361294e-05 2.201363964551311832e-04 7.832180016444592014e-06 1.479064976914106020e-04 1.630921991841757400e-03 1.418653612692173999e-05 1.342576890290875420e-04 7.187157966786278845e-07 1.714596482991817147e-06
7.000000000000000000e+03 4.057946547547387739e-04 1.970132493988700580e-05 1.802029406783038808e-04 7.762552063506394706e-06 1.457352008980289252e-04 1.630869163381905946e-03 1.408051695044327689e-05 1.323258137773249089e-04 7.164250416022536879e-07 1.753564386525580783e-06 4.562264914123734727e-04 2.341082588622283198e-05 2.168854613710960531e-04 7.762552063506394706e-06 1.457352008980289252e-04 1.630869163381905946e-03 1.408051695044327689e-05 1.323258137773249089e-04 7.164250416022536879e-07 1.753564386525580783e-06
7.100000000000000000e+03 4.066374772543492164e-04 1.970095316566090272e-05 1.933060077814989920e-04 7.357644967507520792e-06 1.344173032846520690e-04 1.631001584426860617e-03 1.365975570019427112e-05 1.318899667372252084e-04 1.067253426493498936e-06 2.327845617639391461e-06 4.588722256032690106e-04 2.344004189552845123e-05 2.334716478096689326e-04 7.357644967507520792e-06 1.344173032846520690e-04 1.631001584426860617e-03 1.365975570019427112e-05 1.318899667372252084e-04 1.067253426493498936e-06 2.327845617639391461e-06
7.200000000000000000e+03 4.085068955213166562e-04 1.955538982107662114e-05 1.782845455519139360e-04 7.738427719536781468e-06 1.430673185611696350e-04 1.629169400407422252e-03 1.381029905923195808e-05 1.326176372463859162e-04 7.006507098060892225e-07 1.756352034875368417e-06 4.600378256591885345e-04 2.327674402525665287e-05 2.150048667870974777e-04 7.738427719536781468e-06 1.430673185611696350e-04 1.629169400407422252e-03 1.381029905923195808e-05 1.326176372463859162e-04 7.006507098060892225e-07 1.756352034875368417e-06
7.300000000000000000e+03 3.990259602719128311e-04 1.861733674471419353e-05 1.932738969090125184e-04 7.974272926266239689e-06 1.344291854807372788e-04 1.610728084167511358e-03 1.343238468206556760e-05 1.619792024926001365e-04 6.483830243234656277e-07 1.910488302624084861e-06 4.505475695561150882e-04 2.207818504711950140e-05 2.330222769988258603e-04 7.974272926266239689e-06 1.344291854807372788e-04 1.610728084167511358e-03 1.343238468206556760e-05 1.619792024926001365e-04 6.483830243234656277e-07 1.910488302624084861e-06
7.400000000000000000e+03 4.107348369522976703e-04 1.947165895785018004e-05 1.749680562776092369e-04 7.723867240055136370e-06 1.411079942457141225e-04 1.628282229954901685e-03 1.375090238157493715e-05 1.318883717741328092e-04 6.662819457865333237e-07 1.807676681915129395e-06 4.627991292455189217e-04 2.317874816239439686e-05 2.110885433734805241e-04 7.723867240055136370e-06 1.411079942457141225e-04 1.628282229954901685e-03 1.375090238157493715e-05 1.318883717741328092e-04 6.662819457865333237e-07 1.807676681915129395e-06
7.500000000000000000e+03 4.110231769445489634e-04 1.954200666193675975e-05 1.760435782367741854e-04 7.531272907556799943e-06 1.369338355997394379e-04 1.620791415700868592e-03 1.364060374362502479e-05 1.416899688430011241e-04 5.570809062578147141e-07 2.105474672205470314e-06 4.625495139294383729e-04 2.333104818217580971e-05 2.124006808482087165e-04 7.531272907556799943e-06 1.369338355997394379e-04 1.620791415700868592e-03 1.364060374362502479e-05 1.416899688430011241e-04 5.570809062578147141e-07 2.105474672205470314e-06
7.600000000000000000e+03 4.147017805462601260e-04 1.935976728862321428e-05 1.874344935215264832e-04 8.554309781732485506e-06 1.286542361736322648e-04 1.638920258872064934e-03 1.328812937869621147e-05 1.162185834233156988e-04 5.732362695841443425e-07 1.836036435396783485e-06 4.678158020117405540e-04 2.305555257134745203e-05 2.259877978573393087e-04 8.554309781732485506e-06 1.286542361736322648e-04 1.638920258872064934e-03 1.328812937869621147e-05 1.162185834233156988e-04 5.732362695841443425e-07 1.836036435396783485e-06
7.700000000000000000e+03 4.138003452915749300e-04 1.940274041905864342e-05 1.728414515168746099e-04 7.447208621088560121e-06 1.358149518442346680e-04 1.623891424352857027e-03 1.348325292827955525e-05 1.355427863460860894e-04 5.936597155040893266e-07 1.802978983760593479e-06 4.666848878944884348e-04 2.316856777401019973e-05 2.089905463943147112e-04 7.447208621088560121e-06 1.358149518442346680e-04 1.623891424352857027e-03 1.348325292827955525e-05 1.355427863460860894e-04 5.936597155040893266e-07 1.802978983760593479e-06
7.800000000000000000e+03 4.117776766018299540e-04 1.934780723028460290e-05 1.890873619536575308e-04 7.756938375288234495e-06 1.256139296268173706e-04 1.627115453716104993e-03 1.307709765371454892e-05 1.291376720773906276e-04 1.299566472591279975e-06 1.937985979178143711e-06 4.642911092989630861e-04 2.311643129425808977e-05 2.282875748212280021e-04 7.756938375288234495e-06 1.256139296268173706e-04 1.627115453716104993e-03 1.307709765371454892e-05 1.291376720773906276e-04 1.299566472591279975e-06 1.937985979178143711e-06
7.900000000000000000e+03 4.159986113903161383e-04 1.957760967277790226e-05 1.662729709772991029e-04 7.594284996433882109e-06 1.368299743499589924e-04 1.625465836470150072e-03 1.362165425584333155e-05 1.321815544744916983e-04 7.245393788715085152e-07 2.239004930704947367e-06 4.702721972654823096e-04 2.337471068797536471e-05 2.010594659418493539e-04 7.594284996433882109e-06 1.368299743499589924e-04 1.625465836470150072e-03 1.362165425584333155e-05 1.321815544744916983e-04 7.245393788715085152e-07 2.239004930704947367e-06
8.000000000000000000e+03 4.166767411814783812e-04 1.940531827632132212e-05 1.708759904620602075e-04 7.426613818003999809e-06 1.329177269244876736e-04 1.627663727191105839e-03 1.345954871821812322e-05 1.278945880461060099e-04 5.883590951389514222e-07 1.884510237171720145e-06 4.699117744376119063e-04 2.319788331545736052e-05 2.067633696511709455e-04 7.426613818003999809e-06 1.329177269244876736e-04 1.627663727191105839e-03 1.345954871821812322e-05 1.278945880461060099e-04 5.883590951389514222e-07 1.884510237171720145e-06
8.100000000000000000e+03 4.163368906253719611e-04 1.871606519049892907e-05 1.988417007490167585e-04 7.861291817349444163e-06 1.164951387286638124e-04 1.639802553163454378e-03 1.448197577937351349e-05 1.126023831354776121e-04 4.087720675093463718e-06 2.414052653135058539e-06 4.709491638156499760e-04 2.226139127244854599e-05 2.405801852959790852e-04 7.861291817349444163e-06 1.164951387286638124e-04 1.639802553163454378e-03 1.448197577937351349e-05 1.126023831354776121e-04 4.087720675093463718e-06 2.414052653135058539e-06
8.200000000000000000e+03 4.169569265919838156e-04 2.434247634578525326e-05 9.376685134078459490e-05 2.918477331657992027e-04 2.901333035065016509e-04 1.569945289462305361e-03 7.286801411561452809e-05 4.661973144742464570e-04 1.939293308631667180e-04 1.746393669359500147e-05 4.619447930305443299e-04 2.831370030512148423e-05 1.072458006528848056e-04 2.918477331657992027e-04 2.901333035065016509e-04 1.569945289462305361e-03 7.286801411561452809e-05 4.661973144742464570e-04 1.939293308631667180e-04 1.746393669359500147e-05
8.300000000000000000e+03 4.182722028377632646e-04 1.946618594524973010e-05 1.650826084371654939e-04 7.251316590193612007e-06 1.321764565556649809e-04 1.623460377388016200e-03 1.346786117708514326e-05 1.320278067018150231e-04 6.569619321820581862e-07 1.918871173388277252e-06 4.722436327651230795e-04 2.328545015824252492e-05 2.001101431319362418e-04 7.251316590193612007e-06 1.321764565556649809e-04 1.623460377388016200e-03 1.346786117708514326e-05 1.320278067018150231e-04 6.569619321820581862e-07 1.918871173388277252e-06
8.400000000000000000e+03 4.222926613262334688e-04 2.200813487989023272e-05 3.840091642137805289e-04 3.675140438616202195e-05 4.618868241578978271e-05 1.601681861594157980e-03 1.168282022915014314e-05 1.959054279881952470e-04 4.860260687833843548e-05 1.488854820355742084e-05 4.748654782936127653e-04 2.608980921785248650e-05 4.511143441270055554e-04 3.675140438616202195e-05 4.618868241578978271e-05 1.601681861594157980e-03 1.168282022915014314e-05 1.959054279881952470e-04 4.860260687833843548e-05 1.488854820355742084e-05
8.500000000000000000e+03 4.189880181990551854e-04 1.956442864686510459e-05 1.631190832699908457e-04 7.147859618362279850e-06 1.312161296614713642e-04 1.623554053709935080e-03 1.346410933546650092e-05 1.309916598151117612e-04 6.826707166064444760e-07 1.937277941307273896e-06 4.729128645350917106e-04 2.343806156125865920e-05 1.979944874364452669e-04 7.147859618362279850e-06 1.312161296614713642e-04 1.623554053709935080e-03 1.346410933546650092e-05 1.309916598151117612e-04 6.826707166064444760e-07 1.937277941307273896e-06
8.600000000000000000e+03 4.157270612957772774e-04 1.880583335151277000e-05 2.644789539696791960e-04 2.660256273653950279e-05 8.755765252093405710e-05 1.682997681048158502e-03 1.404342770787008316e-05 9.296644403259560847e-05 1.897452719558179120e-05 2.613214664233335623e-06 4.691439200842616457e-04 2.245416290135104781e-05 3.143866324875515313e-04 2.660256273653950279e-05 8.755765252093405710e-05 1.682997681048158502e-03 1.404342770787008316e-05 9.296644403259560847e-05 1.897452719558179120e-05 2.613214664233335623e-06
8.700000000000000000e+03 4.200396358486236802e-04 1.966961817287477408e-05 1.614487299703943148e-04 7.034588848718522536e-06 1.295001529090311436e-04 1.622773359342928991e-03 1.347493575486684445e-05 1.308580640941675545e-04 7.027521060170609170e-07 1.929647038259458765e-06 4.741079835713435994e-04 2.357860215030060970e-05 1.960401221315610765e-04 7.034588848718522536e-06 1.295001529090311436e-04 1.622773359342928991e-03 1.347493575486684445e-05 1.308580640941675545e-04 7.027521060170609170e-07 1.929647038259458765e-06
8.800000000000000000e+03 4.192113404580479386e-04 1.956461535283967525e-05 1.599692491845317998e-04 7.286075937170555018e-06 1.319255239495392403e-04 1.626068676763981055e-03 1.357047062239091870e-05 1.265233337486312924e-04 8.317574361124479595e-07 1.907300256565428812e-06 4.724827075166880119e-04 2.347034821385124426e-05 1.945670887129758852e-04 7.286075937170555018e-06 1.319255239495392403e-04 1.626068676763981055e-03 1.357047062239091870e-05 1.265233337486312924e-04 8.317574361124479595e-07 1.907300256565428812e-06
8.900000000000000000e+03 4.206610346844483097e-04 1.972544737577075559e-05 1.597674705545216751e-04 6.906436095128649718e-06 1.286720706757880071e-04 1.622324676369718988e-03 1.350100046336267884e-05 1.301931415932839915e-04 7.120380007647206278e-07 1.954179959477428535e-06 4.746616148886111390e-04 2.366643948748179730e-05 1.942751500372582988e-04 6.906436095128649718e-06 1.286720706757880071e-04 1.622324676369718988e-03 1.350100046336267884e-05 1.301931415932839915e-04 7.120380007647206278e-07 1.954179959477428535e-06
9.000000000000000000e+03 4.189154225764046510e-04 2.019325295661854357e-05 1.561712444984141967e-04 7.451821154739684898e-06 1.364548468763147264e-04 1.628376074652371046e-03 1.400483875350124574e-05 1.221166810802401059e-04 2.166288466134191405e-06 6.613012586570700054e-06 4.681556219142746830e-04 2.430775588757847795e-05 1.899885048218196120e-04 7.451821154739684898e-06 1.364548468763147264e-04 1.628376074652371046e-03 1.400483875350124574e-05 1.221166810802401059e-04 2.166288466134191405e-06 6.613012586570700054e-06
9.100000000000000000e+03 4.208024434094074042e-04 1.974370130471320600e-05 1.589178929625753394e-04 6.744965216842450324e-06 1.277265777087910055e-04 1.621870810961211894e-03 1.346774344327400920e-05 1.299731457257592834e-04 7.172261750975768910e-07 1.961242105085172250e-06 4.745543620039661069e-04 2.373341103184016049e-05 1.934731746839846124e-04 6.744965216842450324e-06 1.277265777087910055e-04 1.621870810961211894e-03 1.346774344327400920e-05 1.299731457257592834e-04 7.172261750975768910e-07 1.961242105085172250e-06
9.200000000000000000e+03 4.166528622000776044e-04 1.984820193945861108e-05 1.547722487319069123e-04 8.767781057558457651e-06 1.370752465529594837e-04 1.639340418159544299e-03 1.400173580089656444e-05 1.119398934898212060e-04 1.423558610484099668e-06 2.311427888150233953e-06 4.693541177810960259e-04 2.385604790204285677e-05 1.884775164958872563e-04 8.767781057558457651e-06 1.370752465529594837e-04 1.639340418159544299e-03 1.400173580089656444e-05 1.119398934898212060e-04 1.423558610484099668e-06 2.311427888150233953e-06
9.300000000000000000e+03 4.213341401905688313e-04 1.993700457320408183e-05 1.568829566887236634e-04 6.683189259141350235e-06 1.266828049733788656e-04 1.621176347839763283e-03 1.356119558236499510e-05 1.299665982676817555e-04 7.418452904446923003e-07 1.988292472658830160e-06 4.751861467448913038e-04 2.396714212934123768e-05 1.910182720884047783e-04 6.683189259141350235e-06 1.266828049733788656e-04 1.621176347839763283e-03 1.356119558236499510e-05 1.299665982676817555e-04 7.418452904446923003e-07 1.988292472658830160e-06
9.400000000000000000e+03 4.180276565655680412e-04 2.004201501277649581e-05 1.609003963381688894e-04 7.268816877166040370e-06 1.271393111822553281e-04 1.630423200869819678e-03 1.362818687600004029e-05 1.198870616486350757e-04 1.042139867647833278e-06 2.296150898240922963e-06 4.711305638112166239e-04 2.419695907274539188e-05 1.962513365606498891e-04 7.268816877166040370e-06 1.271393111822553281e-04 1.630423200869819678e-03 1.362818687600004029e-05 1.198870616486350757e-04 1.042139867647833278e-06 2.296150898240922963e-06
9.500000000000000000e+03 4.212394844682486772e-04 1.998629820939607529e-05 1.563262998293671248e-04 6.573752839706617100e-06 1.256665996006717386e-04 1.620432804821538833e-03 1.349745027973804575e-05 1.301588763270908724e-04 7.419414536004349368e-07 1.967894976782029759e-06 4.748716353171432685e-04 2.405759683043597082e-05 1.907591254878265451e-04 6.573752839706617100e-06 1.256665996006717386e-04 1.620432804821538833e-03 1.349745027973804575e-05 1.301588763270908724e-04 7.419414536004349368e-07 1.967894976782029759e-06
9.600000000000000000e+03 4.108674155981232798e-04 1.941448929983149120e-05 1.387871086046217942e-04 8.484605109062421085e-06 1.547309545238976711e-04 1.613033175785211519e-03 1.725923334984942118e-05 1.388389783270647200e-04 7.748964490337933523e-06 4.536040448907635232e-06 4.602364293181073667e-04 2.323569011712091372e-05 1.696548515696623188e-04 8.484605109062421085e-06 1.547309545238976711e-04 1.613033175785211519e-03 1.725923334984942118e-05 1.388389783270647200e-04 7.748964490337933523e-06 4.536040448907635232e-06
9.700000000000000000e+03 4.216642743019483768e-04 2.021696014498814101e-05 1.542701094963667789e-04 6.485975301987557734e-06 1.247791017517307856e-04 1.620156254924394294e-03 1.365829092851101188e-05 1.295655403965505030e-04 7.515625083963136730e-07 2.014706339631708464e-06 4.751633528097715955e-04 2.434575385299567432e-05 1.881369930691242367e-04 6.485975301987557734e-06 1.247791017517307856e-04 1.620156254924394294e-03 1.365829092851101188e-05 1.295655403965505030e-04 7.515625083963136730e-07 2.014706339631708464e-06
9.800000000000000000e+03 4.209091307937380005e-04 2.023496574667061151e-05 1.581031753932750589e-04 6.352785076545704414e-06 1.215246501034079256e-04 1.618060954030084474e-03 1.363189916106181023e-05 1.315663900264049788e-04 6.558456317547603213e-07 2.267097589781109545e-06 4.731463688823760064e-04 2.440349532646292425e-05 1.929371393428735428e-04 6.352785076545704414e-06 1.215246501034079256e-04 1.618060954030084474e-03 1.363189916106181023e-05 1.315663900264049788e-04 6.558456317547603213e-07 2.267097589781109545e-06
9.900000000000000000e+03 4.205194293265893655e-04 2.033998681208309064e-05 1.464243287596706975e-04 6.440663952197661609e-06 1.297803348903987179e-04 1.615662631921862625e-03 1.391733788201782805e-05 1.356214718166186739e-04 1.100445413077529952e-06 1.981547955649592107e-06 4.733642498034561219e-04 2.456786780076304958e-05 1.791216435261726390e-04 6.440663952197661609e-06 1.297803348903987179e-04 1.615662631921862625e-03 1.391733788201782805e-05 1.356214718166186739e-04 1.100445413077529952e-06 1.981547955649592107e-06
1.000000000000000000e+04 4.256999529075910279e-04 2.963905351622643907e-05 1.543033754000467446e-04 3.949224285924406424e-04 1.273417992847229339e-04 1.605054586946361378e-03 2.155828911462727790e-05 4.135281490386948804e-04 5.917383936734725152e-05 1.063531756840571896e-04 4.661233091864187459e-04 3.506941274379041831e-05 1.867862910874299679e-04 3.949224285924406424e-04 1.273417992847229339e-04 1.605054586946361378e-03 2.155828911462727790e-05 4.135281490386948804e-04 5.917383936734725152e-05 1.063531756840571896e-04
1.000000000000000000e+04 4.256999529075910279e-04 2.963905351622643907e-05 1.543033754000467446e-04 3.949224285924406424e-04 1.273417992847229339e-04 1.605054586946361378e-03 2.155828911462727790e-05 4.135281490386948804e-04 5.917383936734725152e-05 1.063531756840571896e-04 4.661233091864187459e-04 3.506941274379041831e-05 1.867862910874299679e-04 3.949224285924406424e-04 1.273417992847229339e-04 1.605054586946361378e-03 2.155828911462727790e-05 4.135281490386948804e-04 5.917383936734725152e-05 1.063531756840571896e-04
1.100000000000000000e+04 4.218253438199423729e-04 2.554529623252876192e-05 1.217442122074359413e-04 4.054211322939014230e-06 1.055398730811534560e-04 1.565137370029113769e-03 1.494383841723092478e-05 1.419754296187133752e-04 1.320817729782363846e-06 3.446826519291447447e-06 4.655753504115079430e-04 3.125876567967565293e-05 1.519071131450586240e-04 4.054211322939014230e-06 1.055398730811534560e-04 1.565137370029113769e-03 1.494383841723092478e-05 1.419754296187133752e-04 1.320817729782363846e-06 3.446826519291447447e-06
1.200000000000000000e+04 4.081814383789264490e-04 2.676950867400295446e-05 1.149955366298916658e-04 2.623694418100635398e-06 1.064728217320451675e-04 1.561354816041346733e-03 1.475521927762286074e-05 1.429014188724764105e-04 1.253588708757153715e-06 4.531756345756053031e-06 4.535556068911194075e-04 3.350238311181086281e-05 1.457404344805277789e-04 2.623694418100635398e-06 1.064728217320451675e-04 1.561354816041346733e-03 1.475521927762286074e-05 1.429014188724764105e-04 1.253588708757153715e-06 4.531756345756053031e-06
1.300000000000000000e+04 4.031029116780179269e-04 2.580883517852486359e-05 1.136782539713500996e-04 2.355877985320289673e-06 1.033152521903131840e-04 1.557840896497593832e-03 1.571671365978820684e-05 1.438125351961148544e-04 1.619918513417530355e-06 5.279577017603107983e-06 4.500972405975458440e-04 3.282482257856546640e-05 1.447476077603321613e-04 2.355877985320289673e-06 1.033152521903131840e-04 1.557840896497593832e-03 1.571671365978820684e-05 1.438125351961148544e-04 1.619918513417530355e-06 5.279577017603107983e-06
1.400000000000000000e+04 3.961935962087947700e-04 2.735775142971329907e-05 1.129247339503974790e-04 2.218073202174731016e-06 1.017086438239603812e-04 1.557293849381978772e-03 1.521197651111891350e-05 1.438467186625896075e-04 1.403728693642007147e-06 6.470325086390186004e-06 4.439790925046869607e-04 3.490671860477154116e-05 1.431155284675068981e-04 2.218073202174731016e-06 1.017086438239603812e-04 1.557293849381978772e-03 1.521197651111891350e-05 1.438467186625896075e-04 1.403728693642007147e-06 6.470325086390186004e-06
1.500000000000000000e+04 3.865615410123704834e-04 3.052820430971885194e-05 1.132128253876544773e-04 1.612610960994198967e-06 1.002441674801678883e-04 1.555642207366381320e-03 1.338310326722200386e-05 1.432719093346966708e-04 1.900895964018765226e-06 7.052518979106196067e-06 4.432717949221386578e-04 3.842196797641965125e-05 1.426634882990897605e-04 1.612610960994198967e-06 1.002441674801678883e-04 1.555642207366381320e-03 1.338310326722200386e-05 1.432719093346966708e-04 1.900895964018765226e-06 7.052518979106196067e-06
1.600000000000000000e+04 3.788779838621058379e-04 3.282669675606979210e-05 1.097277849176228430e-04 1.325150984442399909e-06 9.901618473297573114e-05 1.559416613074199797e-03 1.299828057387265597e-05 1.402973859477777536e-04 1.788290823141137449e-06 7.542538159106628140e-06 4.421015661191180293e-04 4.118487055642521699e-05 1.381628233402026527e-04 1.325150984442399909e-06 9.901618473297573114e-05 1.559416613074199797e-03 1.299828057387265597e-05 1.402973859477777536e-04 1.788290823141137449e-06 7.542538159106628140e-06
1.700000000000000000e+04 3.739178313783622361e-04 3.262406753667629556e-05 1.097951078939967984e-04 1.161569600622686182e-06 9.755634869062597338e-05 1.557137314842488556e-03 1.343519064912624262e-05 1.418933042546162979e-04 1.764082204773386826e-06 7.683216996294680865e-06 4.421487665315277683e-04 4.101867381302560470e-05 1.382665292757166860e-04 1.161569600622686182e-06 9.755634869062597338e-05 1.557137314842488556e-03 1.343519064912624262e-05 1.418933042546162979e-04 1.764082204773386826e-06 7.683216996294680865e-06
1.800000000000000000e+04 3.733843977959754555e-04 3.155235303518069803e-05 1.071480609811744267e-04 1.213070895088098904e-06 9.533182056190707702e-05 1.556072753556270692e-03 1.455065810476101076e-05 1.422366976567943802e-04 1.884920447596244597e-06 7.355898259297395692e-06 4.465091834273744080e-04 3.972684024391724190e-05 1.354636267842506412e-04 1.213070895088098904e-06 9.533182056190707702e-05 1.556072753556270692e-03 1.455065810476101076e-05 1.422366976567943802e-04 1.884920447596244597e-06 7.355898259297395692e-06
1.900000000000000000e+04 3.371819628941846161e-04 3.303046486109737011e-05 1.067964735310097311e-04 1.377319857211745808e-06 8.956864410096312414e-05 1.564120060318597563e-03 2.133375994776180392e-05 1.395123889358497828e-04 2.286829851407359994e-06 7.486610366452757897e-06 4.053061445980920977e-04 3.938347916262307781e-05 1.330314963041738453e-04 1.377319857211745808e-06 8.956864410096312414e-05 1.564120060318597563e-03 2.133375994776180392e-05 1.395123889358497828e-04 2.286829851407359994e-06 7.486610366452757897e-06
2.000000000000000000e+04 2.135418429757698704e-04 3.516766086436575806e-05 7.905720157566025581e-05 2.563857120185313040e-06 4.791789456526904435e-05 1.572402102859726683e-03 2.586161499007287302e-05 1.285289127149821385e-04 1.890768002718037176e-06 8.525142283602528504e-06 2.677198232626385919e-04 4.679339579265719753e-05 9.234577708190923437e-05 2.563857120185313040e-06 4.791789456526904435e-05 1.572402102859726683e-03 2.586161499007287302e-05 1.285289127149821385e-04 1.890768002718037176e-06 8.525142283602528504e-06
2.100000000000000000e+04 1.244442403270285989e-04 2.255775713439854677e-05 4.147080193559780979e-05 1.451487980538471987e-06 2.625409805432543498e-05 1.579534694436740376e-03 2.155135970191941134e-05 1.187280553261455533e-04 1.621416827022575970e-06 1.108444544604223562e-05 1.446249878827940037e-04 2.805285420178830450e-05 4.706090448528872259e-05 1.451487980538471987e-06 2.625409805432543498e-05 1.579534694436740376e-03 2.155135970191941134e-05 1.187280553261455533e-04 1.621416827022575970e-06 1.108444544604223562e-05
2.200000000000000000e+04 9.992471871947428976e-05 1.655513215589551708e-05 2.984673222411202015e-05 1.162361831726114771e-06 2.013306686632228870e-05 1.579532550023432643e-03 1.031319436437729906e-05 1.138307915898157632e-04 2.064001227039973136e-06 1.096440287176921470e-05 1.242197542002506034e-04 2.257099094280025126e-05 3.462266154784149260e-05 1.162361831726114771e-06 2.013306686632228870e-05 1.579532550023432643e-03 1.031319436437729906e-05 1.138307915898157632e-04 2.064001227039973136e-06 1.096440287176921470e-05
2.300000000000000000e+04 9.280148287650093197e-05 1.227716540481290962e-05 2.329386091299487699e-05 1.001145329315267818e-06 1.764002236484734371e-05 1.576181921448488541e-03 1.230263813149950390e-05 1.152096953468296364e-04 1.975877641772587752e-06 1.123840066446441008e-05 1.172041788123605191e-04 1.648314863639672019e-05 2.676224784689982205e-05 1.001145329315267818e-06 1.764002236484734371e-05 1.576181921448488541e-03 1.230263813149950390e-05 1.152096953468296364e-04 1.975877641772587752e-06 1.123840066446441008e-05
2.400000000000000000e+04 8.630910221982570610e-05 1.101765162936971057e-05 2.131846278900117369e-05 7.734070187068496536e-07 1.603793700052991966e-05 1.574530205189107442e-03 1.270751262522838575e-05 1.158937920525420667e-04 1.989879533973617338e-06 1.117706678713485866e-05 1.108740843685477071e-04 1.429820184168292706e-05 2.498461793089879859e-05 7.734070187068496536e-07 1.603793700052991966e-05 1.574530205189107442e-03 1.270751262522838575e-05 1.158937920525420667e-04 1.989879533973617338e-06 1.117706678713485866e-05
2.500000000000000000e+04 8.149433569999295303e-05 1.011145684562743937e-05 1.909138052912799077e-05 6.673059945462166983e-07 1.467495814479465740e-05 1.572010443228224509e-03 1.263163242829478674e-05 1.165155084805209317e-04 2.204576093041895970e-06 1.186429862191357589e-05 1.039217927902287661e-04 1.301363469396683281e-05 2.227327242920872384e-05 6.673059945462166983e-07 1.467495814479465740e-05 1.572010443228224509e-03 1.263163242829478674e-05 1.165155084805209317e-04 2.204576093041895970e-06 1.186429862191357589e-05
2.600000000000000000e+04 7.646046231551748950e-05 9.222666736050461408e-06 1.858897758356356058e-05 4.654607942735751334e-07 1.397688589690227690e-05 1.571097380795324992e-03 1.160038655479126437e-05 1.159603163041216287e-04 2.278181954075640919e-06 1.275686933872465209e-05 1.023702285646608612e-04 1.196841030911171567e-05 2.163591729356930077e-05 4.654607942735751334e-07 1.397688589690227690e-05 1.571097380795324992e-03 1.160038655479126437e-05 1.159603163041216287e-04 2.278181954075640919e-06 1.275686933872465209e-05
2.700000000000000000e+04 7.541532851869488187e-05 7.303118438553900020e-06 1.701334345241384239e-05 5.160116964261600479e-07 1.314814634295584378e-05 1.569909108242830038e-03 9.605604379259689174e-06 1.161553120133826888e-04 1.941372324826471790e-06 1.335484072182931665e-05 1.229058249276860596e-04 9.707801855328183015e-06 1.956360208379871333e-05 5.160116964261600479e-07 1.314814634295584378e-05 1.569909108242830038e-03 9.605604379259689174e-06 1.161553120133826888e-04 1.941372324826471790e-06 1.335484072182931665e-05
2.800000000000000000e+04 7.282049329973914857e-05 7.126245898731402685e-06 1.645850025024705315e-05 4.040709230381624384e-07 1.282136476966351497e-05 1.567835855430529425e-03 7.743397421546072945e-06 1.166039499150330614e-04 2.013824002344244488e-06 1.503786407665520642e-05 1.962070462533205913e-04 9.696967616558303051e-06 1.903865588638631288e-05 4.040709230381624384e-07 1.282136476966351497e-05 1.567835855430529425e-03 7.743397421546072945e-06 1.166039499150330614e-04 2.013824002344244488e-06 1.503786407665520642e-05
2.900000000000000000e+04 7.204963368519984107e-05 6.798949965255927739e-06 1.590379239228614851e-05 3.920610058041118531e-07 1.248387521329914472e-05 1.565235772778513813e-03 7.476057720883763080e-06 1.166198351569521288e-04 2.160276417659060869e-06 1.473745332595630520e-05 4.617418827099841502e-04 8.991458912903592981e-06 1.922264273641297134e-05 3.920610058041118531e-07 1.248387521329914472e-05 1.565235772778513813e-03 7.476057720883763080e-06 1.166198351569521288e-04 2.160276417659060869e-06 1.473745332595630520e-05
3.000000000000000000e+04 7.029473109439307501e-05 6.402825407077260704e-06 1.562049547307305127e-05 3.103264804143597197e-07 1.147660358021842546e-05 1.562401358885895765e-03 8.429963507082451502e-06 1.168689571894930925e-04 1.938821664435453915e-06 1.435229539121286585e-05 6.636697815363333487e-04 8.889211441117499406e-06 2.103869531877554930e-05 3.103264804143597197e-07 1.147660358021842546e-05 1.562401358885895765e-03 8.429963507082451502e-06 1.168689571894930925e-04 1.938821664435453915e-06 1.435229539121286585e-05
3.100000000000000000e+04 6.579742711572103997e-05 6.381568521396344156e-06 1.471953567016184710e-05 3.236399290145665435e-07 1.112455533441177759e-05 1.560356089457584075e-03 9.708452432720307202e-06 1.170615401897335980e-04 2.131839329499621442e-06 1.492613536904867728e-05 7.162991450141639738e-04 9.103436381463471543e-06 2.154339440417815717e-05 3.236399290145665435e-07 1.112455533441177759e-05 1.560356089457584075e-03 9.708452432720307202e-06 1.170615401897335980e-04 2.131839329499621442e-06 1.492613536904867728e-05
3.200000000000000000e+04 6.442933275639852874e-05 5.391346414410775795e-06 1.422299214187349955e-05 4.054255930157874760e-07 1.086248517751442311e-05 1.559131164990393802e-03 1.075820346974830909e-05 1.172446052444395861e-04 2.084818934073470157e-06 1.409350381749204272e-05 7.368230714643579258e-04 7.768509463495005580e-06 2.073745876860793970e-05 4.054255930157874760e-07 1.086248517751442311e-05 1.559131164990393802e-03 1.075820346974830909e-05 1.172446052444395861e-04 2.084818934073470157e-06 1.409350381749204272e-05
3.300000000000000000e+04 6.260560328276353558e-05 5.496566123326783679e-06 1.397015998294882300e-05 2.929447047300596480e-07 1.044076094140254196e-05 1.557235493951449534e-03 1.164864042984939677e-05 1.179924602490869614e-04 2.310778076697205159e-06 1.294708653293742147e-05 8.097226140912530245e-04 7.975423578140015068e-06 1.963863578491687473e-05 2.929447047300596480e-07 1.044076094140254196e-05 1.557235493951449534e-03 1.164864042984939677e-05 1.179924602490869614e-04 2.310778076697205159e-06 1.294708653293742147e-05
3.400000000000000000e+04 6.119695113185981070e-05 5.484531934224794681e-06 1.342496645036609130e-05 2.879536348261494902e-07 1.040317860832279842e-05 1.555644075283878864e-03 1.199838595119582697e-05 1.182316669467554324e-04 2.572436418088118427e-06 1.256390691999811684e-05 7.741968247820823655e-04 8.314311024129433759e-06 1.851520468724047598e-05 2.879536348261494902e-07 1.040317860832279842e-05 1.555644075283878864e-03 1.199838595119582697e-05 1.182316669467554324e-04 2.572436418088118427e-06 1.256390691999811684e-05
3.500000000000000000e+04 6.083278995743494509e-05 5.477005072826232370e-06 1.332785300117499361e-05 2.789603643897021257e-07 1.003712846722152626e-05 1.553010666138697005e-03 1.175289464220713386e-05 1.189359461732878435e-04 2.873474330279168452e-06 1.259817563438158268e-05 7.626167675911128818e-04 7.937615416825808892e-06 1.780092031495820930e-05 2.789603643897021257e-07 1.003712846722152626e-05 1.553010666138697005e-03 1.175289464220713386e-05 1.189359461732878435e-04 2.873474330279168452e-06 1.259817563438158268e-05
3.600000000000000000e+04 6.002344159163643101e-05 5.505810911093380468e-06 1.350632024264451851e-05 2.898596251519533622e-07 9.907998530652231683e-06 1.549401439993630235e-03 1.188673909635961757e-05 1.202225000742004755e-04 3.310104338357904601e-06 1.251127339406963692e-05 7.734661526274237177e-04 7.696440648758005315e-06 1.826180034293672355e-05 2.898596251519533622e-07 9.907998530652231683e-06 1.549401439993630235e-03 1.188673909635961757e-05 1.202225000742004755e-04 3.310104338357904601e-06 1.251127339406963692e-05
3.700000000000000000e+04 5.925471443651188891e-05 5.203961957059383387e-06 1.384817673765755637e-05 2.630654401778653928e-07 9.952826210302607413e-06 1.546935350669423771e-03 1.236357658511547999e-05 1.205197507317964061e-04 3.611802136889797101e-06 1.255096229103283808e-05 7.484553027957244501e-04 7.169790884474566215e-06 1.960039386397457564e-05 2.630654401778653928e-07 9.952826210302607413e-06 1.546935350669423771e-03 1.236357658511547999e-05 1.205197507317964061e-04 3.611802136889797101e-06 1.255096229103283808e-05
3.800000000000000000e+04 5.918482649536247977e-05 5.204645233159560864e-06 1.447202651265900278e-05 3.132247455852600110e-07 9.916262017486108821e-06 1.544040563544699183e-03 1.216632712605058928e-05 1.210261681508456946e-04 3.778062759177613485e-06 1.227443182130208401e-05 6.652101992251005643e-04 7.258555891837285747e-06 2.081410675309406359e-05 3.132247455852600110e-07 9.916262017486108821e-06 1.544040563544699183e-03 1.216632712605058928e-05 1.210261681508456946e-04 3.778062759177613485e-06 1.227443182130208401e-05
3.900000000000000000e+04 5.912473245377872547e-05 5.346884509903466547e-06 1.503706848542021762e-05 2.994228644279772967e-07 9.611740059379268706e-06 1.541466899964116267e-03 1.207609020186477047e-05 1.211409192231593370e-04 3.642901585639389195e-06 1.234970333345019104e-05 6.178418213990064791e-04 7.521620871915414042e-06 2.073088374041501470e-05 2.994228644279772967e-07 9.611740059379268706e-06 1.541466899964116267e-03 1.207609020186477047e-05 1.211409192231593370e-04 3.642901585639389195e-06 1.234970333345019104e-05
4.000000000000000000e+04 5.866891231026076498e-05 5.512890936494979295e-06 1.637686415540797464e-05 2.837828408492712808e-07 9.604690094930506757e-06 1.537834142292574934e-03 1.196014383345215988e-05 1.216887913846843514e-04 3.367516753922014046e-06 1.219891090411605787e-05 6.489231743685697478e-04 7.878959681318398029e-06 2.208659735483005834e-05 2.837828408492712808e-07 9.604690094930506757e-06 1.537834142292574934e-03 1.196014383345215988e-05 1.216887913846843514e-04 3.367516753922014046e-06 1.219891090411605787e-05
4.100000000000000000e+04 5.798019818214748166e-05 5.612966777641017974e-06 1.754044316159690157e-05 2.889417139643621631e-07 9.614883873707986872e-06 1.534057136975067268e-03 1.178847353652541243e-05 1.224139208504469831e-04 3.372263171640937772e-06 1.213979958677441447e-05 6.135450201140512207e-04 7.489576746242269604e-06 2.375700344285466739e-05 2.889417139643621631e-07 9.614883873707986872e-06 1.534057136975067268e-03 1.178847353652541243e-05 1.224139208504469831e-04 3.372263171640937772e-06 1.213979958677441447e-05
4.200000000000000000e+04 5.801364222136464539e-05 5.882241931705353921e-06 1.934363569932642509e-05 2.656212781970539526e-07 9.326693123921158215e-06 1.528371407799654661e-03 1.140570185669228667e-05 1.234747424966453481e-04 3.125183354296451500e-06 1.219616010105645412e-05 5.560935569225725289e-04 8.917757258890262275e-06 2.528797869896729763e-05 2.656212781970539526e-07 9.326693123921158215e-06 1.528371407799654661e-03 1.140570185669228667e-05 1.234747424966453481e-04 3.125183354296451500e-06 1.219616010105645412e-05
4.300000000000000000e+04 5.673311751523375731e-05 5.699088183356874681e-06 2.071136184231260163e-05 2.463413401486882806e-07 9.474028053946502843e-06 1.521846445705239519e-03 1.122780541402242164e-05 1.256801350438612147e-04 2.840052682384777645e-06 1.245874998798575746e-05 5.224132609178332382e-04 9.158389642166133408e-06 3.047545828318266205e-05 2.463413401486882806e-07 9.474028053946502843e-06 1.521846445705239519e-03 1.122780541402242164e-05 1.256801350438612147e-04 2.840052682384777645e-06 1.245874998798575746e-05
4.400000000000000000e+04 5.831954584204628066e-05 6.000139925468802494e-06 2.123990913557482400e-05 2.708947368743009892e-07 9.396284793803939654e-06 1.510873460441220341e-03 1.095955570248294229e-05 1.289000413781942085e-04 2.429347842038709286e-06 1.204104504825244667e-05 4.957654211990987188e-04 1.867012443181273275e-05 5.213434463611029177e-05 2.708947368743009892e-07 9.396284793803939654e-06 1.510873460441220341e-03 1.095955570248294229e-05 1.289000413781942085e-04 2.429347842038709286e-06 1.204104504825244667e-05
4.500000000000000000e+04 5.959735270495294344e-05 8.672029097133013956e-06 2.337315735634420708e-05 5.317978132490535657e-07 9.546211099354229071e-06 1.484213045033091257e-03 1.099908187937246271e-05 1.364642330567116381e-04 1.560400132569944937e-06 1.188497555497687354e-05 5.856782862124742519e-04 9.967837048983884394e-05 2.531514849434109648e-04 5.317978132490535657e-07 9.546211099354229071e-06 1.484213045033091257e-03 1.099908187937246271e-05 1.364642330567116381e-04 1.560400132569944937e-06 1.188497555497687354e-05
4.600000000000000000e+04 5.839869892753350332e-05 8.902718616013565329e-06 2.149536761876827171e-05 3.876194774478839520e-07 9.767985215804551446e-06 1.458875855954049495e-03 1.079918036950810470e-05 1.491351638147211478e-04 1.791981636617451273e-06 1.248291707194860844e-05 1.306937711081882164e-03 1.645483640543241055e-04 3.999263990415456759e-04 3.876194774478839520e-07 9.767985215804551446e-06 1.458875855954049495e-03 1.079918036950810470e-05 1.491351638147211478e-04 1.791981636617451273e-06 1.248291707194860844e-05
4.700000000000000000e+04 5.895690846682274727e-05 7.647917316826043259e-06 2.156460167881077709e-05 3.869485986837272223e-07 9.154008978772609352e-06 1.449787106866895665e-03 1.087307423694095477e-05 1.522030485635157910e-04 1.991428935307079235e-06 1.210292593039704969e-05 1.839713530476128935e-03 1.498108568545859862e-04 4.448203361644378797e-04 3.869485986837272223e-07 9.154008978772609352e-06 1.449787106866895665e-03 1.087307423694095477e-05 1.522030485635157910e-04 1.991428935307079235e-06 1.210292593039704969e-05
4.800000000000000000e+04 5.836874050080035449e-05 7.817150200581598305e-06 2.184555829543487828e-05 3.441830042642651676e-07 9.958163803460609627e-06 1.444256919007319779e-03 1.025712348907969520e-05 1.509255786824763366e-04 2.517387237332041151e-06 1.204905923020425023e-05 2.250546712249575695e-03 1.275684417407058047e-04 4.190552648012178371e-04 3.441830042642651676e-07 9.958163803460609627e-06 1.444256919007319779e-03 1.025712348907969520e-05 1.509255786824763366e-04 2.517387237332041151e-06 1.204905923020425023e-05
4.900000000000000000e+04 5.874640803926241560e-05 8.694642674600325442e-06 2.257635394254159156e-05 3.375853629608661332e-07 9.239415855893980196e-06 1.436783586112211786e-03 1.048483604228803869e-05 1.501809786356247153e-04 2.947921389612417267e-06 1.225480860045448043e-05 2.414830797111620821e-03 1.143139133570212149e-04 3.730940252895550936e-04 3.375853629608661332e-07 9.239415855893980196e-06 1.436783586112211786e-03 1.048483604228803869e-05 1.501809786356247153e-04 2.947921389612417267e-06 1.225480860045448043e-05
5.000000000000000000e+04 5.959836373573088736e-05 9.559443040156217193e-06 2.296908122726058440e-05 3.350320150403920434e-07 9.296070398871943559e-06 1.428172219869441569e-03 1.042421696256308928e-05 1.500725760290028262e-04 3.154631808072565755e-06 1.219246165878221649e-05 2.589486682103782095e-03 1.067536238544062710e-04 3.084711609176782115e-04 3.350320150403920434e-07 9.296070398871943559e-06 1.428172219869441569e-03 1.042421696256308928e-05 1.500725760290028262e-04 3.154631808072565755e-06 1.219246165878221649e-05
5.100000000000000000e+04 5.835833173946355571e-05 9.393638470237897827e-06 2.390086980887919384e-05 3.905590963516921835e-07 9.478893616511022309e-06 1.421034874139223735e-03 1.141951463768080712e-05 1.502588677968069177e-04 3.050835844240362201e-06 1.194264709810907516e-05 2.724566550544876928e-03 8.630393943976971335e-05 2.269859022889561930e-04 3.905590963516921835e-07 9.478893616511022309e-06 1.421034874139223735e-03 1.141951463768080712e-05 1.502588677968069177e-04 3.050835844240362201e-06 1.194264709810907516e-05
5.200000000000000000e+04 5.952381474588234539e-05 8.903907057664927718e-06 2.432815136882756903e-05 3.942323032189690216e-07 9.397130583995966615e-06 1.415568447306354578e-03 1.057151621356808104e-05 1.503550804422812469e-04 3.374722673203899506e-06 1.156809279216060120e-05 2.884602979946410042e-03 6.498309641046244264e-05 1.773886950631309962e-04 3.942323032189690216e-07 9.397130583995966615e-06 1.415568447306354578e-03 1.057151621356808104e-05 1.503550804422812469e-04 3.374722673203899506e-06 1.156809279216060120e-05
5.300000000000000000e+04 6.088243792892615217e-05 9.398051874119969914e-06 2.301612079089262618e-05 4.826278001172084898e-07 9.508222987427021846e-06 1.414407678011053455e-03 9.643915427466915328e-06 1.464818878382986844e-04 3.389038999057320612e-06 1.215443507133390536e-05 2.698710810587262674e-03 4.890676130325986273e-05 1.269754185840889769e-04 4.826278001172084898e-07 9.508222987427021846e-06 1.414407678011053455e-03 9.643915427466915328e-06 1.464818878382986844e-04 3.389038999057320612e-06 1.215443507133390536e-05
5.400000000000000000e+04 6.029576272415352082e-05 1.001007202846390963e-05 2.360379289319566420e-05 4.114380578707906097e-07 9.494487676343939508e-06 1.414141627768060678e-03 9.754660422042728333e-06 1.423549449177095069e-04 3.529338848416231700e-06 1.192571924611640917e-05 2.501944223470907881e-03 4.731624745901264422e-05 1.014094258367906115e-04 4.114380578707906097e-07 9.494487676343939508e-06 1.414141627768060678e-03 9.754660422042728333e-06 1.423549449177095069e-04 3.529338848416231700e-06 1.192571924611640917e-05
5.475800000000000000e+04 6.010753567022386834e-05 9.645718668706998274e-06 2.321667306432701963e-05 4.730053257532613248e-07 9.524806938603919482e-06 1.414150073332726262e-03 9.840539562052466277e-06 1.418501050707750570e-04 3.587839132678668472e-06 1.207200336933726527e-05 2.455734130188060201e-03 4.692702281644308418e-05 9.384323603028288624e-05 4.730053257532613248e-07 9.524806938603919482e-06 1.414150073332726262e-03 9.840539562052466277e-06 1.418501050707750570e-04 3.587839132678668472e-06 1.207200336933726527e-05
5.538300000000000000e+04 6.009737529724208584e-05 9.648946457157104626e-06 2.321672898406436613e-05 4.694683376995487719e-07 9.530547405065634435e-06 1.414149432202978013e-03 9.841879342128563061e-06 1.418462613704535974e-04 3.591387331122750671e-06 1.206465317004578047e-05 2.455607520716199168e-03 4.689821625171939604e-05 9.378556605149134873e-05 4.694683376995487719e-07 9.530547405065634435e-06 1.414149432202978013e-03 9.841879342128563061e-06 1.418462613704535974e-04 3.591387331122750671e-06 1.206465317004578047e-05
5.600800000000000000e+04 6.009056871384107807e-05 9.652346596806868278e-06 2.321890537850014117e-05 4.682195943267357624e-07 9.535780017295106354e-06 1.414147242039110906e-03 9.842247964193377943e-06 1.418416679598674571e-04 3.593900266093272647e-06 1.205740733624316738e-05 2.455454745624212690e-03 4.687957550707141105e-05 9.374067370869621884e-05 4.682195943267357624e-07 9.535780017295106354e-06 1.414147242039110906e-03 9.842247964193377943e-06 1.418416679598674571e-04 3.593900266093272647e-06 1.205740733624316738e-05
5.663300000000000000e+04 6.008480335197280403e-05 9.654206783587309325e-06 2.321595722297953112e-05 4.679618570945834336e-07 9.538883051104799030e-06 1.414145153074853689e-03 9.842482979232842138e-06 1.418432247564638238e-04 3.595683606774862113e-06 1.205304158044781288e-05 2.455339054989470401e-03 4.686201077065837192e-05 9.369425710078891538e-05 4.679618570945834336e-07 9.538883051104799030e-06 1.414145153074853689e-03 9.842482979232842138e-06 1.418432247564638238e-04 3.595683606774862113e-06 1.205304158044781288e-05
5.725800000000000000e+04 6.008009874138132376e-05 9.656340764071979425e-06 2.321740552831227689e-05 4.680090649755554395e-07 9.540804921869449408e-06 1.414142731205238679e-03 9.842495965329904799e-06 1.418419766269270611e-04 3.597037558331222609e-06 1.204847695118109380e-05 2.455224432858947245e-03 4.685078082818098290e-05 9.366161175256608126e-05 4.680090649755554395e-07 9.540804921869449408e-06 1.414142731205238679e-03 9.842495965329904799e-06 1.418419766269270611e-04 3.597037558331222609e-06 1.204847695118109380e-05
5.788300000000000000e+04 6.007566319487458344e-05 9.657416090855776644e-06 2.321466783079046664e-05 4.682838219803332738e-07 9.541931691658975479e-06 1.414141957019142155e-03 9.842542160772471856e-06 1.418436217782038521e-04 3.598086844674606726e-06 1.204575876820441136e-05 2.455137898993811282e-03 4.683841103715973394e-05 9.362426046461127453e-05 4.682838219803332738e-07 9.541931691658975479e-06 1.414141957019142155e-03 9.842542160772471856e-06 1.418436217782038521e-04 3.598086844674606726e-06 1.204575876820441136e-05
5.850800000000000000e+04 6.007187906361520247e-05 9.658936394030543645e-06 2.321588013074543861e-05 4.685571789702059790e-07 9.542731892133401959e-06 1.414141135521962411e-03 9.842446456108886881e-06 1.418419749164317632e-04 3.598950523501490900e-06 1.204240592901583010e-05 2.455047867169586270e-03 4.683037103765016600e-05 9.359726508783333568e-05 4.685571789702059790e-07 9.542731892133401959e-06 1.414141135521962411e-03 9.842446456108886881e-06 1.418419749164317632e-04 3.598950523501490900e-06 1.204240592901583010e-05
5.913300000000000000e+04 6.006815707384439095e-05 9.659608120934048259e-06 2.321325045853687470e-05 4.689055987409129549e-07 9.543221376691707428e-06 1.414141574233033138e-03 9.842425898218895038e-06 1.418429101263507638e-04 3.599656648401120391e-06 1.204048140435639933e-05 2.454979456524802699e-03 4.682041542644713736e-05 9.356482218920965995e-05 4.689055987409129549e-07 9.543221376691707428e-06 1.414141574233033138e-03 9.842425898218895038e-06 1.418429101263507638e-04 3.599656648401120391e-06 1.204048140435639933e-05
5.975800000000000000e+04 6.006490325638325593e-05 9.660779599769823468e-06 2.321433583037538846e-05 4.691927701854519586e-07 9.543643487861816507e-06 1.414141614567124890e-03 9.842306743046051683e-06 1.418408956751324071e-04 3.600270068700157348e-06 1.203780549493908170e-05 2.454903859794790085e-03 4.681395476924124168e-05 9.354134854619352559e-05 4.691927701854519586e-07 9.543643487861816507e-06 1.414141614567124890e-03 9.842306743046051683e-06 1.418408956751324071e-04 3.600270068700157348e-06 1.203780549493908170e-05
6.038300000000000000e+04 6.006160238259865638e-05 9.661208465540129653e-06 2.321183306190081257e-05 4.695206933684581252e-07 9.543906445753624473e-06 1.414142529099374516e-03 9.842286748434125117e-06 1.418414700421886021e-04 3.600787482527967087e-06 1.203638095947674967e-05 2.454845167528956189e-03 4.680532682808563513e-05 9.351224272508847730e-05 4.695206933684581252e-07 9.543906445753624473e-06 1.414142529099374516e-03 9.842286748434125117e-06 1.418414700421886021e-04 3.600787482527967087e-06 1.203638095947674967e-05
