# step, loss_train, loss_test, metrics_test
0.000000000000000000e+00 1.986569324224105992e-03 1.055567303279039137e-01 8.232290954398299720e-03 2.790791678657117414e-03 5.495402496428714902e-03 1.372807558488835017e-03 1.173580803085289915e-03 2.772066827554838797e-01 9.566218169496792934e-03 2.226555757742241723e-02 1.962095302092799198e-03 1.061982763114716621e-01 8.293615922580989744e-03 2.790791678657117414e-03 5.495402496428714902e-03 1.372807558488835017e-03 1.173580803085289915e-03 2.772066827554838797e-01 9.566218169496792934e-03 2.226555757742241723e-02
1.000000000000000000e+02 1.243227697725076786e-04 3.728544955401031649e-05 1.918520637306847000e-03 2.519665701038907406e-03 9.357161946557580488e-04 5.334120998160935337e-03 1.655835586956368904e-04 1.123623431303830481e-02 1.400266045465783156e-04 1.923760322293625462e-05 1.216752357149701559e-04 3.690933011597477320e-05 1.951712522243421013e-03 2.519665701038907406e-03 9.357161946557580488e-04 5.334120998160935337e-03 1.655835586956368904e-04 1.123623431303830481e-02 1.400266045465783156e-04 1.923760322293625462e-05
2.000000000000000000e+02 7.971422815693839981e-05 1.226097286785700332e-05 2.015810924603463495e-03 8.211753773322234612e-04 9.491117039764317143e-04 7.039845054971384519e-03 1.670290699144661600e-04 2.199669833536895339e-03 1.432990088709363186e-04 1.265964561160445315e-06 8.234415132486061105e-05 1.146436841456277533e-05 2.075304304156241463e-03 8.211753773322234612e-04 9.491117039764317143e-04 7.039845054971384519e-03 1.670290699144661600e-04 2.199669833536895339e-03 1.432990088709363186e-04 1.265964561160445315e-06
3.000000000000000000e+02 2.338229603537748347e-05 1.996719571565794453e-05 2.081065648087288694e-03 5.712015584000359764e-04 6.754049071809549226e-04 5.459305913017873345e-03 1.305034642029871596e-04 1.556161916857413258e-03 1.756876423617591081e-04 1.170055408124401878e-06 2.414637414860079580e-05 1.922200296023356646e-05 2.170962775235118526e-03 5.712015584000359764e-04 6.754049071809549226e-04 5.459305913017873345e-03 1.305034642029871596e-04 1.556161916857413258e-03 1.756876423617591081e-04 1.170055408124401878e-06
4.000000000000000000e+02 1.146998264546698612e-05 2.753342476113513143e-05 1.910589377780374121e-03 3.654498722627982357e-04 6.955856932945210513e-04 4.813219285375720975e-03 1.467781995332605703e-04 1.131274911601483574e-03 2.145354372142730239e-04 1.825701953658973356e-06 1.199286157451946131e-05 2.642716514524053712e-05 2.014750735459553115e-03 3.654498722627982357e-04 6.955856932945210513e-04 4.813219285375720975e-03 1.467781995332605703e-04 1.131274911601483574e-03 2.145354372142730239e-04 1.825701953658973356e-06
5.000000000000000000e+02 1.482396029571551365e-05 2.185207588353859886e-05 1.765262483698432951e-03 1.960548279374161663e-04 7.407264798122085558e-04 4.547688473077074293e-03 1.547358582228409399e-04 9.457524585363623164e-04 1.890563401142816824e-04 1.870912295130794780e-06 1.539077717456640128e-05 2.060564496448173111e-05 1.871707055822261108e-03 1.960548279374161663e-04 7.407264798122085558e-04 4.547688473077074293e-03 1.547358582228409399e-04 9.457524585363623164e-04 1.890563401142816824e-04 1.870912295130794780e-06
6.000000000000000000e+02 2.785354564559695885e-05 1.607864401168411397e-05 1.660742786414848814e-03 1.217578326603635579e-04 7.788521903820934617e-04 4.316625259912942013e-03 1.619305335212897724e-04 7.987965341183977854e-04 1.669950197540695784e-04 1.290727870237475289e-06 2.852127907159676096e-05 1.498799892080531976e-05 1.763191789925316671e-03 1.217578326603635579e-04 7.788521903820934617e-04 4.316625259912942013e-03 1.619305335212897724e-04 7.987965341183977854e-04 1.669950197540695784e-04 1.290727870237475289e-06
7.000000000000000000e+02 4.112688738702258628e-05 1.497179720644126497e-05 1.542576725141084695e-03 1.080062803109644584e-04 8.299080401596078136e-04 4.143685881182298386e-03 1.633758741412131362e-04 7.726525362898317446e-04 1.441638813943009641e-04 1.045279099561152195e-06 4.219741592226428377e-05 1.381581785733396117e-05 1.653287265749383249e-03 1.080062803109644584e-04 8.299080401596078136e-04 4.143685881182298386e-03 1.633758741412131362e-04 7.726525362898317446e-04 1.441638813943009641e-04 1.045279099561152195e-06
8.000000000000000000e+02 5.240507684487843266e-05 1.640245315280639270e-05 1.495680832669306001e-03 9.829288620538606600e-05 8.743377303579726555e-04 4.070890253269758216e-03 1.598780709881000720e-04 6.366032300656647783e-04 1.222953378064417214e-04 9.843539216542116994e-07 5.383599283157446960e-05 1.572846399605314676e-05 1.614845947075351689e-03 9.829288620538606600e-05 8.743377303579726555e-04 4.070890253269758216e-03 1.598780709881000720e-04 6.366032300656647783e-04 1.222953378064417214e-04 9.843539216542116994e-07
9.000000000000000000e+02 5.795737573714049193e-05 1.796790428043878405e-05 1.431084381336435087e-03 8.997403048382119934e-05 9.147435168862269421e-04 3.995344144410883924e-03 1.456090120275443467e-04 5.841170116652391869e-04 1.038361288644992309e-04 1.058427287791914913e-06 5.956124432207276050e-05 1.763009150235448654e-05 1.561048337588019381e-03 8.997403048382119934e-05 9.147435168862269421e-04 3.995344144410883924e-03 1.456090120275443467e-04 5.841170116652391869e-04 1.038361288644992309e-04 1.058427287791914913e-06
1.000000000000000000e+03 5.952282760297540539e-05 1.859669175456032724e-05 1.378777708787880902e-03 8.673266768171035792e-05 9.461893906103497872e-04 3.944572704478103813e-03 1.277745067025617043e-04 5.450913045465124009e-04 9.205172563562391162e-05 1.089633464337888605e-06 6.092400843924232132e-05 1.854217414502971542e-05 1.518819123649369201e-03 8.673266768171035792e-05 9.461893906103497872e-04 3.944572704478103813e-03 1.277745067025617043e-04 5.450913045465124009e-04 9.205172563562391162e-05 1.089633464337888605e-06
1.100000000000000000e+03 5.183403936907502889e-05 1.820143602475932199e-05 1.677836869099109994e-03 9.665550710759577191e-05 8.305691653663782202e-04 4.021096529563606553e-03 9.720104915634593834e-05 4.131078162789386622e-04 7.770173884708074605e-05 1.388107795476920738e-06 5.265677903428952979e-05 1.842408575801140501e-05 1.846851313740553767e-03 9.665550710759577191e-05 8.305691653663782202e-04 4.021096529563606553e-03 9.720104915634593834e-05 4.131078162789386622e-04 7.770173884708074605e-05 1.388107795476920738e-06
1.200000000000000000e+03 5.507500214044280861e-05 1.737150862367713516e-05 1.313298807081104275e-03 8.688552518159613409e-05 9.784481783584842666e-04 3.898766987256561348e-03 1.042049442412341459e-04 5.061352299168699444e-04 8.833559512364400957e-05 9.874886020367199582e-07 5.583068461098024377e-05 1.758659284109912580e-05 1.463173024498003140e-03 8.688552518159613409e-05 9.784481783584842666e-04 3.898766987256561348e-03 1.042049442412341459e-04 5.061352299168699444e-04 8.833559512364400957e-05 9.874886020367199582e-07
1.300000000000000000e+03 5.214207874361524887e-05 1.683795903573145629e-05 1.302871621715174935e-03 9.166013719980410288e-05 9.805855305191548289e-04 3.881132218886130386e-03 9.714883393187007750e-05 4.767655991874761453e-04 8.869284607681555261e-05 8.722803631162075399e-07 5.278757963064089655e-05 1.725240748272290113e-05 1.453294197113516205e-03 9.166013719980410288e-05 9.805855305191548289e-04 3.881132218886130386e-03 9.714883393187007750e-05 4.767655991874761453e-04 8.869284607681555261e-05 8.722803631162075399e-07
1.400000000000000000e+03 4.811568245733155512e-05 1.595823084953199380e-05 1.287508716668250277e-03 9.454439627468929979e-05 9.801068475046460088e-04 3.867906666751523732e-03 9.099385947518794744e-05 4.574211040468714436e-04 8.951022633319437576e-05 7.148576143589161400e-07 4.862442074213815861e-05 1.648865329232032475e-05 1.436602113411061072e-03 9.454439627468929979e-05 9.801068475046460088e-04 3.867906666751523732e-03 9.099385947518794744e-05 4.574211040468714436e-04 8.951022633319437576e-05 7.148576143589161400e-07
1.500000000000000000e+03 4.412816278328989428e-05 1.512847971341332717e-05 1.271904303700107297e-03 9.745489032036996511e-05 9.780371896445374472e-04 3.855500208448725281e-03 8.544636164214417710e-05 4.399901239568131507e-04 9.073440575753998296e-05 5.645726738707887679e-07 4.453356043332670815e-05 1.574531735004725796e-05 1.418564270702440911e-03 9.745489032036996511e-05 9.780371896445374472e-04 3.855500208448725281e-03 8.544636164214417710e-05 4.399901239568131507e-04 9.073440575753998296e-05 5.645726738707887679e-07
1.600000000000000000e+03 4.081352928059248867e-05 1.408822428097776999e-05 1.363696558128928236e-03 7.806158584137819982e-05 9.458556071356785406e-04 3.920010572286953751e-03 7.868360600600369809e-05 3.404934172562897217e-04 9.414150545873200410e-05 8.717836721508311777e-07 4.090173309254641190e-05 1.443695624300566389e-05 1.517990061463816986e-03 7.806158584137819982e-05 9.458556071356785406e-04 3.920010572286953751e-03 7.868360600600369809e-05 3.404934172562897217e-04 9.414150545873200410e-05 8.717836721508311777e-07
1.700000000000000000e+03 3.837317149903137295e-05 1.433141006214115464e-05 1.248975291869426456e-03 1.013064881842448825e-04 9.721400405777104892e-04 3.833352192683120267e-03 7.797433417824002112e-05 4.180145281314022986e-04 9.736027751924509544e-05 3.292927828458296701e-07 3.868701259696273625e-05 1.494507401141404423e-05 1.392991492749135222e-03 1.013064881842448825e-04 9.721400405777104892e-04 3.833352192683120267e-03 7.797433417824002112e-05 4.180145281314022986e-04 9.736027751924509544e-05 3.292927828458296701e-07
1.800000000000000000e+03 3.613456352316191410e-05 1.416290525742635009e-05 1.236183699241497243e-03 1.053223548440446021e-04 9.647804129826721914e-04 3.819630116552757537e-03 7.419866534085043123e-05 4.033444255508535406e-04 9.922039236769061344e-05 2.889719019627705101e-07 3.635227517888699471e-05 1.479405068593409194e-05 1.376314400756078289e-03 1.053223548440446021e-04 9.647804129826721914e-04 3.819630116552757537e-03 7.419866534085043123e-05 4.033444255508535406e-04 9.922039236769061344e-05 2.889719019627705101e-07
1.900000000000000000e+03 3.408871036726315054e-05 1.443153028465829789e-05 1.221592834313596368e-03 1.086936983965875754e-04 9.550037528965795580e-04 3.806032753528390284e-03 7.077898716261530178e-05 3.892721079263899075e-04 1.009796380841963441e-04 2.627472178172594843e-07 3.418868719513162846e-05 1.502282586631894009e-05 1.356901566339675010e-03 1.086936983965875754e-04 9.550037528965795580e-04 3.806032753528390284e-03 7.077898716261530178e-05 3.892721079263899075e-04 1.009796380841963441e-04 2.627472178172594843e-07
2.000000000000000000e+03 3.747959454778965416e-05 1.550067139303420020e-05 1.500652893343447499e-03 1.043797294616243627e-04 8.903390830505772402e-04 3.975858995245887088e-03 6.327355481545440460e-05 1.521207869971706117e-04 9.844619786092851385e-05 2.350529203649805070e-06 3.767541221083506710e-05 1.611429752945308963e-05 1.651607877921157678e-03 1.043797294616243627e-04 8.903390830505772402e-04 3.975858995245887088e-03 6.327355481545440460e-05 1.521207869971706117e-04 9.844619786092851385e-05 2.350529203649805070e-06
2.100000000000000000e+03 3.095316695238082763e-05 1.773813831489015911e-05 1.196402655039052786e-03 1.084270371766112061e-04 9.363722602407189340e-04 3.784166558852622431e-03 6.840118829078797489e-05 3.650570954306935241e-04 1.083230481649887205e-04 2.355405367011283083e-07 3.079553200773841275e-05 1.793476746433115551e-05 1.325821292713634612e-03 1.084270371766112061e-04 9.363722602407189340e-04 3.784166558852622431e-03 6.840118829078797489e-05 3.650570954306935241e-04 1.083230481649887205e-04 2.355405367011283083e-07
2.200000000000000000e+03 3.102678373337494183e-05 2.000189314375489449e-05 1.182315121475026624e-03 1.159188057555044974e-04 9.083178367545701034e-04 3.757345420948907718e-03 6.578051631263349985e-05 3.570883969769480387e-04 1.093841613492209662e-04 2.615669219094667732e-07 3.061618445105235899e-05 2.009947671385368313e-05 1.305535518130695278e-03 1.159188057555044974e-04 9.083178367545701034e-04 3.757345420948907718e-03 6.578051631263349985e-05 3.570883969769480387e-04 1.093841613492209662e-04 2.615669219094667732e-07
2.300000000000000000e+03 3.100010813112407830e-05 2.321450225319943376e-05 1.157715797565539786e-03 1.195408688255261421e-04 8.765013776899828208e-04 3.733734515813968199e-03 6.467875873477224190e-05 3.439222843835668033e-04 1.091324880645948677e-04 3.065724418278060261e-07 3.028930781767022893e-05 2.307455644056294452e-05 1.271396614382179187e-03 1.195408688255261421e-04 8.765013776899828208e-04 3.733734515813968199e-03 6.467875873477224190e-05 3.439222843835668033e-04 1.091324880645948677e-04 3.065724418278060261e-07
2.400000000000000000e+03 3.172590719874574374e-05 2.679741708938056504e-05 1.121910526471900198e-03 1.213512485860029216e-04 8.276066026035952148e-04 3.700348387404451406e-03 6.427230221305918121e-05 3.318189784325477646e-04 1.066071589819507097e-04 3.552348791951371231e-07 3.055416334611724404e-05 2.620652205716061652e-05 1.222012466721963779e-03 1.213512485860029216e-04 8.276066026035952148e-04 3.700348387404451406e-03 6.427230221305918121e-05 3.318189784325477646e-04 1.066071589819507097e-04 3.552348791951371231e-07
2.500000000000000000e+03 3.478216845662320997e-05 2.898174631417981063e-05 1.208297935125811741e-03 1.180238990641451586e-04 7.948049742875791914e-04 3.792396760877726671e-03 6.918775199956696004e-05 1.827085337038977125e-04 1.182639671984512012e-04 2.703056003571452226e-06 3.238795798843419949e-05 2.736534081815306734e-05 1.306592361805365482e-03 1.180238990641451586e-04 7.948049742875791914e-04 3.792396760877726671e-03 6.918775199956696004e-05 1.827085337038977125e-04 1.182639671984512012e-04 2.703056003571452226e-06
2.600000000000000000e+03 3.495736121851812731e-05 2.888634015233870037e-05 1.051102022260208373e-03 1.120688347200036734e-04 7.160787275924657526e-04 3.599492881349543837e-03 6.353086553277088563e-05 3.352530940149566104e-04 1.026438263898251952e-04 3.749959153668059909e-07 3.224441672883186734e-05 2.678882943652553027e-05 1.129332145479874277e-03 1.120688347200036734e-04 7.160787275924657526e-04 3.599492881349543837e-03 6.353086553277088563e-05 3.352530940149566104e-04 1.026438263898251952e-04 3.749959153668059909e-07
2.700000000000000000e+03 4.397458486665639025e-05 2.930616364016863252e-05 9.714804868182010285e-04 9.604525824656651221e-05 6.425056334791536027e-04 3.537273992853258876e-03 6.188705513995192945e-05 3.463345809976454016e-04 8.370017993674532843e-05 3.510534813359130288e-07 3.979064169343818303e-05 2.685895767911454442e-05 1.029459567019190428e-03 9.604525824656651221e-05 6.425056334791536027e-04 3.537273992853258876e-03 6.188705513995192945e-05 3.463345809976454016e-04 8.370017993674532843e-05 3.510534813359130288e-07
2.800000000000000000e+03 6.400633207524086430e-05 3.308299225810762862e-05 8.688076913682879010e-04 6.838668489648413670e-05 5.688927268783003756e-04 3.496384334120045817e-03 6.059094086048650603e-05 3.554368307445487712e-04 5.993480288979488347e-05 2.289730126527334480e-07 5.792229676475696616e-05 3.039613324008560253e-05 9.101478209547902987e-04 6.838668489648413670e-05 5.688927268783003756e-04 3.496384334120045817e-03 6.059094086048650603e-05 3.554368307445487712e-04 5.993480288979488347e-05 2.289730126527334480e-07
2.900000000000000000e+03 8.874824296722022077e-05 3.218889109833022674e-05 7.620715244670001184e-04 4.593622256025694871e-05 5.325625058979287880e-04 3.498701347549064943e-03 6.149322263221140177e-05 3.360289909140422695e-04 4.474937156563398868e-05 1.541982544838182417e-07 8.083079172488496264e-05 2.952349762514004723e-05 7.937836153342367430e-04 4.593622256025694871e-05 5.325625058979287880e-04 3.498701347549064943e-03 6.149322263221140177e-05 3.360289909140422695e-04 4.474937156563398868e-05 1.541982544838182417e-07
3.000000000000000000e+03 1.196876555768020673e-04 2.923399742980859359e-05 6.013033201207632029e-04 4.335744839799969140e-05 5.159409988699788056e-04 3.459321778156094259e-03 6.296248748900834633e-05 4.161201550065641371e-04 3.427676290986343851e-05 1.384980426403216708e-07 1.098877868727706365e-04 2.685827765968084376e-05 6.240964643208464025e-04 4.335744839799969140e-05 5.159409988699788056e-04 3.459321778156094259e-03 6.296248748900834633e-05 4.161201550065641371e-04 3.427676290986343851e-05 1.384980426403216708e-07
3.100000000000000000e+03 1.555574332359121125e-04 2.588384710132151837e-05 6.072956841442097003e-04 2.314611688635308636e-05 4.250038462013624768e-04 3.476300333313021591e-03 5.688823923608219931e-05 3.578868927764293582e-04 1.973476771138557342e-05 5.672337552890726582e-08 1.429738368251069454e-04 2.431570157852675664e-05 6.279479599330051653e-04 2.314611688635308636e-05 4.250038462013624768e-04 3.476300333313021591e-03 5.688823923608219931e-05 3.578868927764293582e-04 1.973476771138557342e-05 5.672337552890726582e-08
3.200000000000000000e+03 1.755435122525439407e-04 2.158432415337305704e-05 5.649982089590054133e-04 1.941056878163657180e-05 3.913832893739451922e-04 3.475724306880735581e-03 5.340685127636322644e-05 3.563149050071438145e-04 1.504159053392110045e-05 5.852544359342102107e-08 1.609554123610064586e-04 2.090698238414217993e-05 5.845043962594194962e-04 1.941056878163657180e-05 3.913832893739451922e-04 3.475724306880735581e-03 5.340685127636322644e-05 3.563149050071438145e-04 1.504159053392110045e-05 5.852544359342102107e-08
3.300000000000000000e+03 2.004449115640148443e-04 1.955129838771303962e-05 4.922010109581156532e-04 1.812631880527825363e-05 3.812105081880471356e-04 3.449643494994087886e-03 5.191488726957601229e-05 3.882265236040275194e-04 1.278752415190286344e-05 8.330778161198013337e-08 1.840735091918577703e-04 1.930072430561557791e-05 5.109389182725106084e-04 1.812631880527825363e-05 3.812105081880471356e-04 3.449643494994087886e-03 5.191488726957601229e-05 3.882265236040275194e-04 1.278752415190286344e-05 8.330778161198013337e-08
3.400000000000000000e+03 2.224346365251421702e-04 1.813295399084431740e-05 4.714366325483316839e-04 1.641628738296191351e-05 3.465118389567128335e-04 3.452706277065039579e-03 4.786625692978933242e-05 3.735404110881175447e-04 8.935348891256242955e-06 1.062104630534398991e-07 2.039927353615352901e-04 1.822302465713489659e-05 4.897367352453307118e-04 1.641628738296191351e-05 3.465118389567128335e-04 3.452706277065039579e-03 4.786625692978933242e-05 3.735404110881175447e-04 8.935348891256242955e-06 1.062104630534398991e-07
3.500000000000000000e+03 2.284909294876558453e-04 1.666418283862064925e-05 4.301732100817110362e-04 1.621947854013029057e-05 3.528644525989644795e-04 3.459249170089366814e-03 4.629903422655042521e-05 3.589011797464923873e-04 9.969125584704067796e-06 1.696226515673708725e-07 2.090795487655844147e-04 1.708604652097244693e-05 4.489467823192765604e-04 1.621947854013029057e-05 3.528644525989644795e-04 3.459249170089366814e-03 4.629903422655042521e-05 3.589011797464923873e-04 9.969125584704067796e-06 1.696226515673708725e-07
3.600000000000000000e+03 2.488245830476815612e-04 1.628062517840173342e-05 3.051853794986620684e-04 2.046439359227388783e-05 4.070964529536169629e-04 3.402203066475029385e-03 4.965077182316381940e-05 4.467542368587536380e-04 1.661129391972367717e-05 3.200182533353283714e-07 2.283417030843784654e-04 1.678844418203056903e-05 3.218788808571070872e-04 2.046439359227388783e-05 4.070964529536169629e-04 3.402203066475029385e-03 4.965077182316381940e-05 4.467542368587536380e-04 1.661129391972367717e-05 3.200182533353283714e-07
3.700000000000000000e+03 2.632289037526775203e-04 1.576267586384028896e-05 3.964763028320813414e-04 1.528071495885585768e-05 2.981486432155869997e-04 3.430165111079348621e-03 3.921044917143249632e-05 3.823378219984005077e-04 5.433790320849904392e-06 2.279038256412713076e-07 2.412092319044679739e-04 1.637117874875177863e-05 4.154702645839344378e-04 1.528071495885585768e-05 2.981486432155869997e-04 3.430165111079348621e-03 3.921044917143249632e-05 3.823378219984005077e-04 5.433790320849904392e-06 2.279038256412713076e-07
3.800000000000000000e+03 2.615154478610778464e-04 1.542149246361936314e-05 4.942877334386722556e-04 2.267005040935226153e-05 1.906767488137912220e-04 3.325438632173154541e-03 3.036120491963923004e-05 5.983088054447980751e-04 6.444151009831222777e-06 1.217997881961075839e-06 2.397797966713016238e-04 1.609007256473804555e-05 5.156857436923408845e-04 2.267005040935226153e-05 1.906767488137912220e-04 3.325438632173154541e-03 3.036120491963923004e-05 5.983088054447980751e-04 6.444151009831222777e-06 1.217997881961075839e-06
3.900000000000000000e+03 2.788604485051061790e-04 1.530647795794823929e-05 3.545196312369554726e-04 1.501015155554647221e-05 2.822409491849073304e-04 3.417485258862963671e-03 3.505903046942536764e-05 3.890035721875814570e-04 4.771961856551243032e-06 3.468264130143420686e-07 2.555772995157896076e-04 1.610996760784686168e-05 3.733940899421055041e-04 1.501015155554647221e-05 2.822409491849073304e-04 3.417485258862963671e-03 3.505903046942536764e-05 3.890035721875814570e-04 4.771961856551243032e-06 3.468264130143420686e-07
4.000000000000000000e+03 2.891032543726312215e-04 1.513009601156185752e-05 3.585231826844877860e-04 1.440088806215656700e-05 2.595408499912109325e-04 3.413128981205286808e-03 3.222981937945773600e-05 3.861507285276956705e-04 3.480338617710354607e-06 3.600947073085319813e-07 2.652749508828173316e-04 1.591800503168199963e-05 3.780517564112801992e-04 1.440088806215656700e-05 2.595408499912109325e-04 3.413128981205286808e-03 3.222981937945773600e-05 3.861507285276956705e-04 3.480338617710354607e-06 3.600947073085319813e-07
4.100000000000000000e+03 2.999024919675644541e-04 1.538217246268589947e-05 3.314884418814187253e-04 1.459765218402283198e-05 2.574003475853776034e-04 3.410082492105267604e-03 3.112177494742516203e-05 3.853155328605939803e-04 3.427518552445060086e-06 4.526390165326009096e-07 2.753299078202527204e-04 1.623127977585970026e-05 3.498415635291672729e-04 1.459765218402283198e-05 2.574003475853776034e-04 3.410082492105267604e-03 3.112177494742516203e-05 3.853155328605939803e-04 3.427518552445060086e-06 4.526390165326009096e-07
4.200000000000000000e+03 3.061991964971587138e-04 1.583132214894935688e-05 4.110591842921598976e-04 2.307297648823160871e-05 1.741908945178497771e-04 3.328416095238908180e-03 2.552151823471054482e-05 5.414328144251512364e-04 3.579824497620794938e-06 3.682685463454512172e-06 2.834097596485049986e-04 1.648832161325784076e-05 4.333726430540833546e-04 2.307297648823160871e-05 1.741908945178497771e-04 3.328416095238908180e-03 2.552151823471054482e-05 5.414328144251512364e-04 3.579824497620794938e-06 3.682685463454512172e-06
4.300000000000000000e+03 3.122356977763965672e-04 1.538884953425006472e-05 3.119295524936383109e-04 1.383343933376969951e-05 2.436191156864574972e-04 3.398169639867572051e-03 2.820579404519930485e-05 3.887122855203513274e-04 3.041463012102183612e-06 5.383828118997433974e-07 2.875441771198708907e-04 1.621517211794955502e-05 3.301815891821659210e-04 1.383343933376969951e-05 2.436191156864574972e-04 3.398169639867572051e-03 2.820579404519930485e-05 3.887122855203513274e-04 3.041463012102183612e-06 5.383828118997433974e-07
4.400000000000000000e+03 3.011338458384137193e-04 1.597274219822970300e-05 1.778179008154606180e-04 3.069474042405177691e-05 3.795214204882723622e-04 3.392319673879831254e-03 3.895899329224793400e-05 4.357797726663214036e-04 1.992450823003604971e-05 7.436495706238414535e-07 2.785219166825234527e-04 1.689667702552318719e-05 1.904187911272016778e-04 3.069474042405177691e-05 3.795214204882723622e-04 3.392319673879831254e-03 3.895899329224793400e-05 4.357797726663214036e-04 1.992450823003604971e-05 7.436495706238414535e-07
4.500000000000000000e+03 3.231394083721213402e-04 1.572940418664424845e-05 2.902733093305289282e-04 1.370525417690763529e-05 2.308919184300245464e-04 3.397415305534729011e-03 2.598880174953949602e-05 3.826120112676717477e-04 2.776913671848855952e-06 6.391749798984793273e-07 2.982049575274038221e-04 1.659703185371194973e-05 3.071852977665231023e-04 1.370525417690763529e-05 2.308919184300245464e-04 3.397415305534729011e-03 2.598880174953949602e-05 3.826120112676717477e-04 2.776913671848855952e-06 6.391749798984793273e-07
4.600000000000000000e+03 3.339472453738869732e-04 2.922917863674393425e-05 1.078233845959709295e-04 5.164109106375340454e-04 4.611997517075111519e-04 3.218264487462391826e-03 7.660965259822799121e-05 1.468583909667448874e-03 4.183697150454204625e-05 8.103783978976936812e-06 3.149237233121951799e-04 2.991187176202880814e-05 1.131225868389504861e-04 5.164109106375340454e-04 4.611997517075111519e-04 3.218264487462391826e-03 7.660965259822799121e-05 1.468583909667448874e-03 4.183697150454204625e-05 8.103783978976936812e-06
4.700000000000000000e+03 3.326165895293221029e-04 1.601032805758580065e-05 2.753846896575267702e-04 1.339477924264813261e-05 2.174293972304775370e-04 3.392869619895542629e-03 2.400157194980688833e-05 3.798516452741042835e-04 2.363130546413945776e-06 7.253686125058158199e-07 3.075571622185767026e-04 1.689346216677197089e-05 2.914776723072734391e-04 1.339477924264813261e-05 2.174293972304775370e-04 3.392869619895542629e-03 2.400157194980688833e-05 3.798516452741042835e-04 2.363130546413945776e-06 7.253686125058158199e-07
4.800000000000000000e+03 3.397586712481333662e-04 1.667173725409624646e-05 3.229858933969797390e-04 1.554474936429253081e-05 1.717538651256427754e-04 3.387568158229504241e-03 2.048144900054341651e-05 3.848347443911049855e-04 1.776258282534817569e-06 1.460286487191582783e-06 3.155961194309269725e-04 1.741566380408014579e-05 3.416653544804404462e-04 1.554474936429253081e-05 1.717538651256427754e-04 3.387568158229504241e-03 2.048144900054341651e-05 3.848347443911049855e-04 1.776258282534817569e-06 1.460286487191582783e-06
4.900000000000000000e+03 3.446820846556876970e-04 1.637851332226009991e-05 2.672324703509038469e-04 1.250329589449935465e-05 2.012487241671601112e-04 3.382971896310326115e-03 2.201296754912519221e-05 3.809812691493105492e-04 1.983977136019560580e-06 8.068988398374862271e-07 3.199591647883718898e-04 1.720288273636724736e-05 2.829569206680902739e-04 1.250329589449935465e-05 2.012487241671601112e-04 3.382971896310326115e-03 2.201296754912519221e-05 3.809812691493105492e-04 1.983977136019560580e-06 8.068988398374862271e-07
5.000000000000000000e+03 3.453673345150489772e-04 1.640733652419743189e-05 2.550460820171649074e-04 1.241476035131379519e-05 2.022579098684157027e-04 3.382191550222437160e-03 2.180042751269210507e-05 3.796240446895891157e-04 2.409165912446347572e-06 8.183539318923320954e-07 3.208455976656741080e-04 1.725580481819729550e-05 2.703786224861501829e-04 1.241476035131379519e-05 2.022579098684157027e-04 3.382191550222437160e-03 2.180042751269210507e-05 3.796240446895891157e-04 2.409165912446347572e-06 8.183539318923320954e-07
5.100000000000000000e+03 3.737284198324994778e-04 3.502453459779653440e-05 8.795228628638835202e-04 5.204998502187482747e-04 7.972299718087260409e-05 4.060090849051546658e-03 7.339929454817132823e-05 1.352793424339997523e-03 4.447194199424493131e-05 9.614135942352919803e-06 3.396003441308912242e-04 3.521313124567529424e-05 9.113513190516056876e-04 5.204998502187482747e-04 7.972299718087260409e-05 4.060090849051546658e-03 7.339929454817132823e-05 1.352793424339997523e-03 4.447194199424493131e-05 9.614135942352919803e-06
5.200000000000000000e+03 3.560499324112520415e-04 1.684406399341179645e-05 2.362452795705837503e-04 1.210211055087581860e-05 1.969712902077195584e-04 3.373526326253105650e-03 2.073974429292829388e-05 3.808003485121939165e-04 2.421253814522864939e-06 8.841315063553523179e-07 3.318762644010751902e-04 1.766453157874999094e-05 2.507900078385896705e-04 1.210211055087581860e-05 1.969712902077195584e-04 3.373526326253105650e-03 2.073974429292829388e-05 3.808003485121939165e-04 2.421253814522864939e-06 8.841315063553523179e-07
5.300000000000000000e+03 3.523337382838225614e-04 1.677501471518750474e-05 6.193580320885469634e-04 1.352928067268405676e-04 6.756403500698897184e-05 3.493331422844328689e-03 1.226111972981007278e-05 4.676780500746992872e-04 2.523544072149857677e-05 9.055850981505429578e-07 3.284254820820429327e-04 1.754640801198687871e-05 6.455602326687943796e-04 1.352928067268405676e-04 6.756403500698897184e-05 3.493331422844328689e-03 1.226111972981007278e-05 4.676780500746992872e-04 2.523544072149857677e-05 9.055850981505429578e-07
5.400000000000000000e+03 3.649371592761522370e-04 1.728774661528584725e-05 2.263959860890328330e-04 1.184779697624573223e-05 1.850070342980881589e-04 3.371786365113913376e-03 1.961120717813861689e-05 3.737815319486644840e-04 2.478906798513133392e-06 9.495674216185686405e-07 3.412724285672058609e-04 1.814298244152195093e-05 2.401658668246585220e-04 1.184779697624573223e-05 1.850070342980881589e-04 3.371786365113913376e-03 1.961120717813861689e-05 3.737815319486644840e-04 2.478906798513133392e-06 9.495674216185686405e-07
5.500000000000000000e+03 3.545126029933049969e-04 1.839073780946686443e-05 2.241775607247260013e-04 1.473290559430336783e-04 2.050251087369906941e-04 3.362523602699128093e-03 2.574084605881376159e-05 5.737944857007018550e-04 6.403370062849759121e-06 1.958091437465665790e-06 3.311581684993152117e-04 1.927215804651214785e-05 2.388972826497298067e-04 1.473290559430336783e-04 2.050251087369906941e-04 3.362523602699128093e-03 2.574084605881376159e-05 5.737944857007018550e-04 6.403370062849759121e-06 1.958091437465665790e-06
5.600000000000000000e+03 3.722720735598735137e-04 1.772518858236969135e-05 2.130726746258117526e-04 1.159279746689276861e-05 1.788678503848187761e-04 3.363939759907272776e-03 1.896114092573976696e-05 3.739523890898116803e-04 2.571145197388854389e-06 1.053838517593510519e-06 3.488393030250343577e-04 1.863361318029313750e-05 2.262394853255105063e-04 1.159279746689276861e-05 1.788678503848187761e-04 3.363939759907272776e-03 1.896114092573976696e-05 3.739523890898116803e-04 2.571145197388854389e-06 1.053838517593510519e-06
5.700000000000000000e+03 3.804667678542137917e-04 1.972616877644129267e-05 2.990046877151912846e-04 3.872040910921606307e-05 1.522585902557834913e-04 3.650990625162686166e-03 1.879393330212603052e-05 3.241877393549629188e-04 3.358492722296282146e-06 1.180059772332175736e-06 3.547296285378610521e-04 2.073897130890448601e-05 3.156873489336536605e-04 3.872040910921606307e-05 1.522585902557834913e-04 3.650990625162686166e-03 1.879393330212603052e-05 3.241877393549629188e-04 3.358492722296282146e-06 1.180059772332175736e-06
5.800000000000000000e+03 3.799368251281748138e-04 1.826726966461685901e-05 2.064869184261685058e-04 1.081104388833962832e-05 1.701757136378667125e-04 3.356170872786763335e-03 1.813090165604212760e-05 3.715517031808696731e-04 2.705432902607215571e-06 1.092996950316893985e-06 3.570480280689141100e-04 1.914180903801043906e-05 2.196678204553863516e-04 1.081104388833962832e-05 1.701757136378667125e-04 3.356170872786763335e-03 1.813090165604212760e-05 3.715517031808696731e-04 2.705432902607215571e-06 1.092996950316893985e-06
5.900000000000000000e+03 3.637788134321760943e-04 1.827385474951204723e-05 1.708824150575296273e-04 2.301045770723293932e-05 2.078410124323997593e-04 3.346666591758865310e-03 2.205192217997485851e-05 4.005195966998063243e-04 7.353853089657927328e-06 1.346136439235454680e-06 3.412593615159405084e-04 1.926233448985827250e-05 1.829023945739756299e-04 2.301045770723293932e-05 2.078410124323997593e-04 3.346666591758865310e-03 2.205192217997485851e-05 4.005195966998063243e-04 7.353853089657927328e-06 1.346136439235454680e-06
6.000000000000000000e+03 3.877781254205613331e-04 1.892679519472232336e-05 1.939304055936818584e-04 1.074131908134903099e-05 1.626492611308934461e-04 3.348008986394506413e-03 1.746299402499218713e-05 3.718403290141612024e-04 2.951178236505195060e-06 1.199584416135992758e-06 3.651986268535703625e-04 1.996622497089293969e-05 2.062227542782028226e-04 1.074131908134903099e-05 1.626492611308934461e-04 3.348008986394506413e-03 1.746299402499218713e-05 3.718403290141612024e-04 2.951178236505195060e-06 1.199584416135992758e-06
6.100000000000000000e+03 3.740333096193995785e-04 1.876055635088416502e-05 1.572051937882953303e-04 1.476089773381439987e-05 2.120023731032113655e-04 3.358839800009598246e-03 2.299710465930836030e-05 3.643908136826123087e-04 8.334925959489676797e-06 4.905336039243862732e-06 3.494071836108377806e-04 1.999753894509403982e-05 1.678690760391906656e-04 1.476089773381439987e-05 2.120023731032113655e-04 3.358839800009598246e-03 2.299710465930836030e-05 3.643908136826123087e-04 8.334925959489676797e-06 4.905336039243862732e-06
6.200000000000000000e+03 3.933271404279487394e-04 1.955921083480110850e-05 1.849001917000612019e-04 1.051563557776011164e-05 1.569481019217384261e-04 3.338127501956462701e-03 1.699058345756704539e-05 3.729833574792958562e-04 3.061087476808390139e-06 1.310291376682286552e-06 3.710023237398243868e-04 2.069113953307033860e-05 1.967925400560755660e-04 1.051563557776011164e-05 1.569481019217384261e-04 3.338127501956462701e-03 1.699058345756704539e-05 3.729833574792958562e-04 3.061087476808390139e-06 1.310291376682286552e-06
6.300000000000000000e+03 3.932531331258320106e-04 2.079881705043348482e-05 2.215256112649092177e-04 6.254221634445618295e-05 1.597823547789762938e-04 3.563480292271293051e-03 2.016696992292902758e-05 3.537217283348040721e-04 4.505568461421057908e-06 2.005271094329499688e-06 3.683308632640082294e-04 2.192906643284029737e-05 2.350708499063454535e-04 6.254221634445618295e-05 1.597823547789762938e-04 3.563480292271293051e-03 2.016696992292902758e-05 3.537217283348040721e-04 4.505568461421057908e-06 2.005271094329499688e-06
6.400000000000000000e+03 4.000465206793297687e-04 2.025175933147907906e-05 1.776943086965898254e-04 9.939388546413273972e-06 1.496213012753741512e-04 3.325709215854505321e-03 1.649696612797203323e-05 3.755716345521571296e-04 3.421226129344795538e-06 1.367730824452139256e-06 3.781292211684406557e-04 2.140652030754786855e-05 1.893932552363774646e-04 9.939388546413273972e-06 1.496213012753741512e-04 3.325709215854505321e-03 1.649696612797203323e-05 3.755716345521571296e-04 3.421226129344795538e-06 1.367730824452139256e-06
6.500000000000000000e+03 3.946681310969325546e-04 2.001313136222646858e-05 1.789875719518810651e-04 1.009066169747694231e-05 1.484781953299760271e-04 3.308937845156180793e-03 1.639121172359677043e-05 3.960769878898314422e-04 4.238356597971716137e-06 1.434036690662314813e-06 3.728030301295049039e-04 2.130275608712361518e-05 1.913709661164474281e-04 1.009066169747694231e-05 1.484781953299760271e-04 3.308937845156180793e-03 1.639121172359677043e-05 3.960769878898314422e-04 4.238356597971716137e-06 1.434036690662314813e-06
6.600000000000000000e+03 4.047403544223073164e-04 2.099037358734218419e-05 1.713891683945489646e-04 9.824669573052303214e-06 1.443728695047162536e-04 3.316790094384148516e-03 1.600973630192795898e-05 3.752867056740025339e-04 3.483366262910550025e-06 1.508646254623412136e-06 3.829343604541892592e-04 2.230872078440296531e-05 1.827350845480355424e-04 9.824669573052303214e-06 1.443728695047162536e-04 3.316790094384148516e-03 1.600973630192795898e-05 3.752867056740025339e-04 3.483366262910550025e-06 1.508646254623412136e-06
6.700000000000000000e+03 4.021509173619684427e-04 2.343844774749671411e-05 1.967940673566227750e-04 3.111218126707935932e-05 1.333685741653576479e-04 3.260156834096989125e-03 4.853150592410812901e-05 4.855895206587152813e-04 7.428595577952595127e-06 1.067256997616937994e-05 3.860281618156742069e-04 2.463066108306608625e-05 2.098723077664804855e-04 3.111218126707935932e-05 1.333685741653576479e-04 3.260156834096989125e-03 4.853150592410812901e-05 4.855895206587152813e-04 7.428595577952595127e-06 1.067256997616937994e-05
6.800000000000000000e+03 3.927278250868499669e-04 2.112896349089627687e-05 2.007922435407758551e-04 3.069742587100821848e-05 1.269989390609333087e-04 3.300313027492186944e-03 1.562147655843102812e-05 4.199481570515811160e-04 4.991069553461801877e-06 2.059888120545555353e-06 3.733717351294871777e-04 2.238842009425061509e-05 2.138781979739691149e-04 3.069742587100821848e-05 1.269989390609333087e-04 3.300313027492186944e-03 1.562147655843102812e-05 4.199481570515811160e-04 4.991069553461801877e-06 2.059888120545555353e-06
6.900000000000000000e+03 4.093979398004673575e-04 2.135623872015052330e-05 9.451467516190131834e-05 1.975157317095804741e-05 1.793403110766006502e-04 3.136357294545357929e-03 1.991666478341221460e-05 7.295848062607216246e-04 7.635767844461560584e-06 1.742366554408867724e-06 3.887082511255376613e-04 2.272911541927840525e-05 1.015202291504653845e-04 1.975157317095804741e-05 1.793403110766006502e-04 3.136357294545357929e-03 1.991666478341221460e-05 7.295848062607216246e-04 7.635767844461560584e-06 1.742366554408867724e-06
7.000000000000000000e+03 4.137438218958820811e-04 2.223579750667846984e-05 1.590555887227655663e-04 9.374436401767159216e-06 1.349753651023889289e-04 3.291832076566380584e-03 1.565361815073875706e-05 3.800890430498376875e-04 3.883627991298153870e-06 1.728218614435537567e-06 3.919088366020691988e-04 2.358912479369155884e-05 1.697513669764775211e-04 9.374436401767159216e-06 1.349753651023889289e-04 3.291832076566380584e-03 1.565361815073875706e-05 3.800890430498376875e-04 3.883627991298153870e-06 1.728218614435537567e-06
7.100000000000000000e+03 4.121153059980171341e-04 2.248741311335526814e-05 1.661176231496595812e-04 9.447868379962455121e-06 1.267285303421388540e-04 3.281515441831756984e-03 1.511957014600591310e-05 3.895150518956139456e-04 4.044691450821420903e-06 2.042434760244695551e-06 3.913909474153089976e-04 2.386336421818177294e-05 1.773979380556259971e-04 9.447868379962455121e-06 1.267285303421388540e-04 3.281515441831756984e-03 1.511957014600591310e-05 3.895150518956139456e-04 4.044691450821420903e-06 2.042434760244695551e-06
7.200000000000000000e+03 4.174220029836504114e-04 2.284945160968617848e-05 1.584171439305647302e-04 9.333451808435550451e-06 1.271228393022010017e-04 3.281501093217317148e-03 1.513121733858406487e-05 3.800428511791952469e-04 3.791057667266511156e-06 1.911534775129792845e-06 3.955490262315050089e-04 2.428771297940855126e-05 1.686944494613921172e-04 9.333451808435550451e-06 1.271228393022010017e-04 3.281501093217317148e-03 1.513121733858406487e-05 3.800428511791952469e-04 3.791057667266511156e-06 1.911534775129792845e-06
7.300000000000000000e+03 4.186824096787296074e-04 2.289028705670928388e-05 1.593178660660860002e-04 9.033053428783812107e-06 1.237241402077075283e-04 3.276006249441258591e-03 1.517170677189665133e-05 3.806001553904745033e-04 3.740942647863146326e-06 1.974373936382996959e-06 3.963617349195504768e-04 2.425647495863485011e-05 1.695761005447284715e-04 9.033053428783812107e-06 1.237241402077075283e-04 3.276006249441258591e-03 1.517170677189665133e-05 3.806001553904745033e-04 3.740942647863146326e-06 1.974373936382996959e-06
7.400000000000000000e+03 4.148130993023824392e-04 2.277751721629047959e-05 1.686424890666043150e-04 9.683111972867335801e-06 1.164590837071197176e-04 3.265368809066475971e-03 1.430362327402353320e-05 3.911007655428605685e-04 4.171885295193527913e-06 2.024324142135578159e-06 3.933211381173760133e-04 2.416918562045158091e-05 1.795573222180796129e-04 9.683111972867335801e-06 1.164590837071197176e-04 3.265368809066475971e-03 1.430362327402353320e-05 3.911007655428605685e-04 4.171885295193527913e-06 2.024324142135578159e-06
7.500000000000000000e+03 4.212316552122237706e-04 2.350749583285176357e-05 1.515012978943605854e-04 9.457145537563753750e-06 1.227992441268935741e-04 3.265040074435035262e-03 1.509692112187540018e-05 3.819086992126440863e-04 4.047700503182952380e-06 2.132002737445827912e-06 3.989076626403761580e-04 2.489756946419402353e-05 1.609610955381245503e-04 9.457145537563753750e-06 1.227992441268935741e-04 3.265040074435035262e-03 1.509692112187540018e-05 3.819086992126440863e-04 4.047700503182952380e-06 2.132002737445827912e-06
7.600000000000000000e+03 4.220387783401503205e-04 2.338775259932033223e-05 1.542640510857919947e-04 8.974127705423610703e-06 1.181431101638623772e-04 3.249003172804079513e-03 1.478927220594864882e-05 3.948099936596497677e-04 3.841564149241014820e-06 2.109804466812230064e-06 3.997350270669632207e-04 2.462814013060786073e-05 1.641023524734037714e-04 8.974127705423610703e-06 1.181431101638623772e-04 3.249003172804079513e-03 1.478927220594864882e-05 3.948099936596497677e-04 3.841564149241014820e-06 2.109804466812230064e-06
7.700000000000000000e+03 3.920232798164516091e-04 2.222745131613815383e-05 2.801147445807611780e-04 1.341511542252254692e-04 8.095860709619812155e-05 3.255798072375902432e-03 1.536144198937043775e-05 5.741976456609162571e-04 7.822517367882255186e-06 5.808813229146248497e-06 3.699890336093397962e-04 2.368854852363287106e-05 2.940344682008219006e-04 1.341511542252254692e-04 8.095860709619812155e-05 3.255798072375902432e-03 1.536144198937043775e-05 5.741976456609162571e-04 7.822517367882255186e-06 5.808813229146248497e-06
7.800000000000000000e+03 4.229068387338989765e-04 2.385054257829350268e-05 1.470918579060517730e-04 9.474392432095663847e-06 1.190926458827596470e-04 3.242819840482916854e-03 1.496545007440659367e-05 3.918243207368263476e-04 4.256323144186753304e-06 2.312064752006004085e-06 4.002435302669423854e-04 2.515155009972097012e-05 1.558441245130808971e-04 9.474392432095663847e-06 1.190926458827596470e-04 3.242819840482916854e-03 1.496545007440659367e-05 3.918243207368263476e-04 4.256323144186753304e-06 2.312064752006004085e-06
7.900000000000000000e+03 4.165899982293921910e-04 2.359837207146984927e-05 1.285645246908365526e-04 1.173819528736881092e-05 1.470223744726432589e-04 3.264560106252116164e-03 2.462729407645992681e-05 3.692192326959680207e-04 8.562427091233430930e-06 4.089981062426381067e-06 3.910495526223519889e-04 2.491567251224994711e-05 1.353311882951446765e-04 1.173819528736881092e-05 1.470223744726432589e-04 3.264560106252116164e-03 2.462729407645992681e-05 3.692192326959680207e-04 8.562427091233430930e-06 4.089981062426381067e-06
8.000000000000000000e+03 4.244795933884563314e-04 2.409146432705195652e-05 1.435775591666165851e-04 9.686796304884240019e-06 1.163781339216426043e-04 3.226865450902157394e-03 1.528248501556626372e-05 3.974543469595419277e-04 4.260534756777514825e-06 2.487046809811714153e-06 4.012543887418715152e-04 2.522293250868176001e-05 1.518572002679265977e-04 9.686796304884240019e-06 1.163781339216426043e-04 3.226865450902157394e-03 1.528248501556626372e-05 3.974543469595419277e-04 4.260534756777514825e-06 2.487046809811714153e-06
8.100000000000000000e+03 4.234443825739139886e-04 2.431894304746820020e-05 1.422979645472219562e-04 1.010562388903759388e-05 1.167325541088078757e-04 3.227433703735698226e-03 1.527809259513211832e-05 3.936670297021609751e-04 4.333957930527274615e-06 2.579186099713643350e-06 4.001854395852362718e-04 2.545935914420495715e-05 1.504286412961987655e-04 1.010562388903759388e-05 1.167325541088078757e-04 3.227433703735698226e-03 1.527809259513211832e-05 3.936670297021609751e-04 4.333957930527274615e-06 2.579186099713643350e-06
8.200000000000000000e+03 4.173518683160978935e-04 2.469610710920683107e-05 1.308338678072034700e-04 2.737534426741219338e-05 1.236704890403750767e-04 3.155795242845131892e-03 2.082975767821494819e-05 5.132658368043887479e-04 4.953434267709341580e-06 3.364312739272647059e-06 3.955175566467214617e-04 2.547444603556842837e-05 1.389567795775094826e-04 2.737534426741219338e-05 1.236704890403750767e-04 3.155795242845131892e-03 2.082975767821494819e-05 5.132658368043887479e-04 4.953434267709341580e-06 3.364312739272647059e-06
8.300000000000000000e+03 4.259620065316393231e-04 2.420273015516067428e-05 1.370992130381507425e-04 9.958372444918078484e-06 1.158349040468935689e-04 3.205243495963766565e-03 1.559214102883945744e-05 4.064093961387011517e-04 4.658549195926634774e-06 2.632628003549837083e-06 4.022979219223383031e-04 2.521277864853068465e-05 1.444708277229113478e-04 9.958372444918078484e-06 1.158349040468935689e-04 3.205243495963766565e-03 1.559214102883945744e-05 4.064093961387011517e-04 4.658549195926634774e-06 2.632628003549837083e-06
8.400000000000000000e+03 4.255705200630446644e-04 2.433957317262021823e-05 1.403129900429673886e-04 1.016571260838660948e-05 1.118803695254676043e-04 3.200647540346407850e-03 1.545201662592548354e-05 4.061825160031806627e-04 4.297265799305683655e-06 2.792623984980151720e-06 4.018669966469481480e-04 2.531639185848969038e-05 1.475537591146807847e-04 1.016571260838660948e-05 1.118803695254676043e-04 3.200647540346407850e-03 1.545201662592548354e-05 4.061825160031806627e-04 4.297265799305683655e-06 2.792623984980151720e-06
8.500000000000000000e+03 4.242871299004012252e-04 2.457204060761371516e-05 1.394896323182801933e-04 1.113882844232394312e-05 1.124987056852692050e-04 3.204232481403585398e-03 1.558976695532789990e-05 3.995785460988825742e-04 4.479091947230343553e-06 2.785158986632933208e-06 4.003978569751644244e-04 2.562189653825559240e-05 1.465061430025516368e-04 1.113882844232394312e-05 1.124987056852692050e-04 3.204232481403585398e-03 1.558976695532789990e-05 3.995785460988825742e-04 4.479091947230343553e-06 2.785158986632933208e-06
8.600000000000000000e+03 4.522865311460773558e-04 3.319649279584557176e-05 4.464923125147973455e-04 8.012480396242653319e-05 2.959861397986046332e-05 3.558422843335791279e-03 1.761596166741137293e-05 4.935394611700471158e-04 1.939652132100863833e-05 4.496951832656815677e-06 4.277289952284766650e-04 3.460007817864961706e-05 4.622675610750158590e-04 8.012480396242653319e-05 2.959861397986046332e-05 3.558422843335791279e-03 1.761596166741137293e-05 4.935394611700471158e-04 1.939652132100863833e-05 4.496951832656815677e-06
8.700000000000000000e+03 4.094293024219588400e-04 2.566979536605157899e-05 1.539538118049006677e-04 1.082191099522218083e-04 1.165331845625022209e-04 3.184264224786535757e-03 2.100788567739786037e-05 5.456757809364281772e-04 7.374992873546891473e-06 4.148326689594173591e-06 3.874538248049299812e-04 2.633685800386475416e-05 1.605404207238032128e-04 1.082191099522218083e-04 1.165331845625022209e-04 3.184264224786535757e-03 2.100788567739786037e-05 5.456757809364281772e-04 7.374992873546891473e-06 4.148326689594173591e-06
8.800000000000000000e+03 4.261905967998196976e-04 2.445847319663322264e-05 1.372423890437679973e-04 1.059529417414606263e-05 1.090382276584072983e-04 3.175825749139179251e-03 1.593044092124280673e-05 4.146739440314352234e-04 4.366912752305179356e-06 2.989839674784949534e-06 4.021892306908851850e-04 2.540880517457163042e-05 1.433007493273980503e-04 1.059529417414606263e-05 1.090382276584072983e-04 3.175825749139179251e-03 1.593044092124280673e-05 4.146739440314352234e-04 4.366912752305179356e-06 2.989839674784949534e-06
8.900000000000000000e+03 4.256326003305913432e-04 2.447745793274196119e-05 1.398493813946166491e-04 1.063227421043867167e-05 1.064589869137789877e-04 3.172120097557256605e-03 1.580482185023538805e-05 4.152103009809216677e-04 4.143689983740098009e-06 3.101733698682642847e-06 4.017136039229404591e-04 2.545558374945131025e-05 1.456654527561968547e-04 1.063227421043867167e-05 1.064589869137789877e-04 3.172120097557256605e-03 1.580482185023538805e-05 4.152103009809216677e-04 4.143689983740098009e-06 3.101733698682642847e-06
9.000000000000000000e+03 4.244738594867350110e-04 2.435735205302752896e-05 1.531674178954354386e-04 1.156148510243373225e-05 9.518964687429884973e-05 3.144179422339089466e-03 1.526248420153407943e-05 4.437852511125597085e-04 3.572210471944204406e-06 3.179785881734293664e-06 4.012894023069015913e-04 2.523678443208158769e-05 1.599092323875119198e-04 1.156148510243373225e-05 9.518964687429884973e-05 3.144179422339089466e-03 1.526248420153407943e-05 4.437852511125597085e-04 3.572210471944204406e-06 3.179785881734293664e-06
9.100000000000000000e+03 4.248828225250275963e-04 2.386799179154820775e-05 1.182356808715108329e-04 5.141505600384712341e-05 1.135537460279798183e-04 3.092746951463263162e-03 1.715987665516144060e-05 5.784624779296578369e-04 4.797879123132912196e-06 3.136890310710732839e-06 4.001055944238833713e-04 2.488640895519351977e-05 1.231829271683469544e-04 5.141505600384712341e-05 1.135537460279798183e-04 3.092746951463263162e-03 1.715987665516144060e-05 5.784624779296578369e-04 4.797879123132912196e-06 3.136890310710732839e-06
9.200000000000000000e+03 4.270570206186861213e-04 2.433088709515692359e-05 1.364658298610275271e-04 1.091504579559445523e-05 1.057765607216850647e-04 3.153386300124331847e-03 1.637528439606897928e-05 4.235155031952464433e-04 4.220286524060900707e-06 3.198248196287894279e-06 4.030584823066808427e-04 2.529729247636731864e-05 1.415661746933025004e-04 1.091504579559445523e-05 1.057765607216850647e-04 3.153386300124331847e-03 1.637528439606897928e-05 4.235155031952464433e-04 4.220286524060900707e-06 3.198248196287894279e-06
9.300000000000000000e+03 4.232240960413876643e-04 2.476099088689746015e-05 1.284287522306945745e-04 1.137916407795739992e-05 1.154732127747374422e-04 3.166563012596609362e-03 1.724134518502783891e-05 4.089284902377731453e-04 5.012696583718717070e-06 3.752474107225115794e-06 4.000682675298570514e-04 2.567359163617075578e-05 1.332445226761228691e-04 1.137916407795739992e-05 1.154732127747374422e-04 3.166563012596609362e-03 1.724134518502783891e-05 4.089284902377731453e-04 5.012696583718717070e-06 3.752474107225115794e-06
9.400000000000000000e+03 4.323750335108280437e-04 2.475133987160067170e-05 1.999780667725039641e-04 1.026037698604938562e-05 6.676934263227744652e-05 3.165906915337322880e-03 1.360120975927813919e-05 3.995571199365492276e-04 4.211228517744771100e-06 3.384232682962848084e-06 4.096235091691500575e-04 2.578984058218056202e-05 2.075479679983005857e-04 1.026037698604938562e-05 6.676934263227744652e-05 3.165906915337322880e-03 1.360120975927813919e-05 3.995571199365492276e-04 4.211228517744771100e-06 3.384232682962848084e-06
9.500000000000000000e+03 4.264185432407464091e-04 2.433089091543106145e-05 1.363232045469077208e-04 4.009542331659619445e-05 1.054198599308791645e-04 3.124781189409312539e-03 1.723664005888383960e-05 4.836335861681497405e-04 4.226482195815482664e-06 3.696665894966657566e-06 4.033347839033099244e-04 2.512160600920448333e-05 1.406492637599561924e-04 4.009542331659619445e-05 1.054198599308791645e-04 3.124781189409312539e-03 1.723664005888383960e-05 4.836335861681497405e-04 4.226482195815482664e-06 3.696665894966657566e-06
9.600000000000000000e+03 4.266086252524546618e-04 2.423583389681781310e-05 1.327499505195050503e-04 1.123070593432311727e-05 1.064677666616053710e-04 3.134175867952165764e-03 1.722047429717458531e-05 4.313248241370924653e-04 4.189324887301158357e-06 3.461081375188489055e-06 4.026064353733241038e-04 2.523182274691383050e-05 1.367704071573569631e-04 1.123070593432311727e-05 1.064677666616053710e-04 3.134175867952165764e-03 1.722047429717458531e-05 4.313248241370924653e-04 4.189324887301158357e-06 3.461081375188489055e-06
9.700000000000000000e+03 4.277812768033172086e-04 2.418830447359076542e-05 1.365726228473737266e-04 1.083904852047905107e-05 1.032632319959965006e-04 3.135294180238968123e-03 1.708364251304216928e-05 4.263070676654409684e-04 3.960104787963882941e-06 3.538367937357139928e-06 4.042434024487739984e-04 2.513715665123327547e-05 1.408485250982453797e-04 1.083904852047905107e-05 1.032632319959965006e-04 3.135294180238968123e-03 1.708364251304216928e-05 4.263070676654409684e-04 3.960104787963882941e-06 3.538367937357139928e-06
9.800000000000000000e+03 4.235375962439589170e-04 2.443197131557930897e-05 1.345673369754325983e-04 1.236843443977892315e-05 1.098188597849388400e-04 3.153695318355655836e-03 1.756925730958761186e-05 4.094168694108862318e-04 4.434703755078215275e-06 3.614476461831643554e-06 3.997680741579893722e-04 2.548853073145773129e-05 1.384473691006263762e-04 1.236843443977892315e-05 1.098188597849388400e-04 3.153695318355655836e-03 1.756925730958761186e-05 4.094168694108862318e-04 4.434703755078215275e-06 3.614476461831643554e-06
9.900000000000000000e+03 4.676738584664688028e-04 2.871284169357784431e-05 5.250801859546419103e-04 1.226943954217533696e-05 2.516158901723910562e-05 3.220396452863911237e-03 1.503695534680008508e-05 3.496328519776133528e-04 4.752816931240645102e-05 4.649051707030919595e-06 4.456723496993814700e-04 3.022269536300479985e-05 5.413691537742928734e-04 1.226943954217533696e-05 2.516158901723910562e-05 3.220396452863911237e-03 1.503695534680008508e-05 3.496328519776133528e-04 4.752816931240645102e-05 4.649051707030919595e-06
1.000000000000000000e+04 4.253591882446053330e-04 2.341281339351798806e-05 1.194349557231573613e-04 5.454464452385073128e-05 1.091455888275727189e-04 3.017120187269937276e-03 1.851912382690380543e-05 6.594969583084463530e-04 4.350273803586654630e-06 4.376456739286556571e-06 4.010980854944958831e-04 2.421638214471514352e-05 1.224626088685131376e-04 5.454464452385073128e-05 1.091455888275727189e-04 3.017120187269937276e-03 1.851912382690380543e-05 6.594969583084463530e-04 4.350273803586654630e-06 4.376456739286556571e-06
1.000000000000000000e+04 4.253591882446053330e-04 2.341281339351798806e-05 1.194349557231573613e-04 5.454464452385073128e-05 1.091455888275727189e-04 3.017120187269937276e-03 1.851912382690380543e-05 6.594969583084463530e-04 4.350273803586654630e-06 4.376456739286556571e-06 4.010980854944958831e-04 2.421638214471514352e-05 1.224626088685131376e-04 5.454464452385073128e-05 1.091455888275727189e-04 3.017120187269937276e-03 1.851912382690380543e-05 6.594969583084463530e-04 4.350273803586654630e-06 4.376456739286556571e-06
1.100000000000000000e+04 3.959932132601242153e-04 2.394060659927065569e-05 1.063454606317102644e-04 4.612360619260057391e-06 1.001094624899023051e-04 2.883644087414967937e-03 3.728598480993688659e-05 4.783792842656709203e-04 1.998182300445586960e-05 6.540160439938606352e-06 3.451973898758653654e-04 2.196486158935295172e-05 1.059586117572008094e-04 4.612360619260057391e-06 1.001094624899023051e-04 2.883644087414967937e-03 3.728598480993688659e-05 4.783792842656709203e-04 1.998182300445586960e-05 6.540160439938606352e-06
1.200000000000000000e+04 3.454478783619654926e-04 2.388136358075186052e-05 1.031706295725502102e-04 2.151767784563547443e-06 8.997810836728354212e-05 2.838625097995821963e-03 5.645144599069546381e-05 4.910667601666642793e-04 3.131990272884760927e-05 1.015072565190164460e-05 3.030267496753865698e-04 2.282021573745764796e-05 9.655514060609419092e-05 2.151767784563547443e-06 8.997810836728354212e-05 2.838625097995821963e-03 5.645144599069546381e-05 4.910667601666642793e-04 3.131990272884760927e-05 1.015072565190164460e-05
1.300000000000000000e+04 2.988448867341189532e-04 3.261026876584139110e-05 1.076189242619363665e-04 2.420158477430790126e-06 8.128891662916517429e-05 2.807295204978129104e-03 6.099708753574349098e-05 5.007419966362778143e-04 3.454884281232945703e-05 9.939604939228683552e-06 2.732816562642055775e-04 2.867762722818822149e-05 9.813883799359309726e-05 2.420158477430790126e-06 8.128891662916517429e-05 2.807295204978129104e-03 6.099708753574349098e-05 5.007419966362778143e-04 3.454884281232945703e-05 9.939604939228683552e-06
1.400000000000000000e+04 1.801485784417447631e-04 3.368271886098128052e-05 8.530875185420963190e-05 1.862593033108953208e-06 4.626011990432164772e-05 2.808455665446042953e-03 4.102715454917180556e-05 4.869026878915809855e-04 3.716014407520926551e-05 1.086112827555946722e-05 1.603996858807973144e-04 2.756016001155158943e-05 8.120959647054971095e-05 1.862593033108953208e-06 4.626011990432164772e-05 2.808455665446042953e-03 4.102715454917180556e-05 4.869026878915809855e-04 3.716014407520926551e-05 1.086112827555946722e-05
1.500000000000000000e+04 1.277758996141365507e-04 1.888224506059494812e-05 5.176269697641915508e-05 1.303517813805930908e-06 2.743909448182378888e-05 2.791629771923532805e-03 2.579083470387641720e-05 4.861494591607409062e-04 3.220076321124560286e-05 1.449889525380593728e-05 1.078366832276531664e-04 1.743361546770501658e-05 4.385190334541002151e-05 1.303517813805930908e-06 2.743909448182378888e-05 2.791629771923532805e-03 2.579083470387641720e-05 4.861494591607409062e-04 3.220076321124560286e-05 1.449889525380593728e-05
1.600000000000000000e+04 1.194861966700707870e-04 1.717587787234068548e-05 5.910204119888869242e-05 1.443034538570257013e-06 2.391123323787015784e-05 2.743846511424242671e-03 2.140140608612770381e-05 4.875024687210769347e-04 2.511899323041206605e-05 1.617885495518874052e-05 1.030998323441855965e-04 4.968602773545342468e-05 6.238374327572706083e-05 1.443034538570257013e-06 2.391123323787015784e-05 2.743846511424242671e-03 2.140140608612770381e-05 4.875024687210769347e-04 2.511899323041206605e-05 1.617885495518874052e-05
1.700000000000000000e+04 1.213357116034894479e-04 2.099756420066929672e-05 7.678506864062159261e-05 8.773334466103131145e-07 2.205471039704152183e-05 2.568205177592501522e-03 2.459328490301967366e-05 5.307646787532160427e-04 2.672275786138510406e-05 1.611249337699636994e-05 2.619414466443120704e-03 3.683106632288081494e-03 2.107534871534262610e-03 8.773334466103131145e-07 2.205471039704152183e-05 2.568205177592501522e-03 2.459328490301967366e-05 5.307646787532160427e-04 2.672275786138510406e-05 1.611249337699636994e-05
1.800000000000000000e+04 1.164780284880737623e-04 2.717781058449845297e-05 5.651192048661184760e-05 1.045763332304138593e-06 2.245649804994319921e-05 2.358132342392153455e-03 2.642803251665670026e-05 5.960042815101024684e-04 3.140215650103222821e-05 1.670003525567217726e-05 1.023158735405593116e-03 2.497000993558633197e-02 1.855150275178102381e-02 1.045763332304138593e-06 2.245649804994319921e-05 2.358132342392153455e-03 2.642803251665670026e-05 5.960042815101024684e-04 3.140215650103222821e-05 1.670003525567217726e-05
1.900000000000000000e+04 1.125955403101113513e-04 2.404788050357570275e-05 5.960978752741736777e-05 1.124598345306620451e-06 2.534263526689222731e-05 2.283573438416548404e-03 2.594528276676159100e-05 6.234032061248006261e-04 2.833969518467955104e-05 1.668687001333606860e-05 1.459068373543005769e-03 3.069536532928374833e-02 2.367561063153226369e-02 1.124598345306620451e-06 2.534263526689222731e-05 2.283573438416548404e-03 2.594528276676159100e-05 6.234032061248006261e-04 2.833969518467955104e-05 1.668687001333606860e-05
2.000000000000000000e+04 1.138992726098475529e-04 2.316066001567428770e-05 5.591031894284898381e-05 1.095041517027313677e-06 2.395407072881331387e-05 2.242101154848720902e-03 2.553839540235066760e-05 6.448801545857253160e-04 2.098754271155212471e-05 1.642718166132469600e-05 8.423000186628951591e-04 4.273623275572078356e-02 2.816560355015064118e-02 1.095041517027313677e-06 2.395407072881331387e-05 2.242101154848720902e-03 2.553839540235066760e-05 6.448801545857253160e-04 2.098754271155212471e-05 1.642718166132469600e-05
2.100000000000000000e+04 1.179437163229807550e-04 2.606322445827535195e-05 5.353922640589640116e-05 9.084627824591152071e-07 2.552166843297351423e-05 2.209677038665335859e-03 2.195789754425296370e-05 6.532233441007602318e-04 1.567101246910986080e-05 1.674017526401479374e-05 1.879199438545258827e-04 5.974511279420870874e-02 3.014820898183888723e-02 9.084627824591152071e-07 2.552166843297351423e-05 2.209677038665335859e-03 2.195789754425296370e-05 6.532233441007602318e-04 1.567101246910986080e-05 1.674017526401479374e-05
2.200000000000000000e+04 1.231681072877431398e-04 2.943187309397450201e-05 5.525584074501806414e-05 1.140188252675382203e-06 2.442319361442177680e-05 2.152250565620155830e-03 2.056702102111480907e-05 6.798420162692315680e-04 1.174107804575305040e-05 1.606507198066280004e-05 2.264141077468081326e-03 7.355626722219810176e-02 3.136520383361639241e-02 1.140188252675382203e-06 2.442319361442177680e-05 2.152250565620155830e-03 2.056702102111480907e-05 6.798420162692315680e-04 1.174107804575305040e-05 1.606507198066280004e-05
2.300000000000000000e+04 1.260067828943375065e-04 3.138004865486505011e-05 5.697313423094222328e-05 1.674650405858647057e-06 2.584144360008198963e-05 2.103918354686992644e-03 1.926644697554791145e-05 6.906548922415386461e-04 1.120563279881667834e-05 1.679881444047518535e-05 7.924244106927907927e-03 8.075390525998273061e-02 2.880333952793378768e-02 1.674650405858647057e-06 2.584144360008198963e-05 2.103918354686992644e-03 1.926644697554791145e-05 6.906548922415386461e-04 1.120563279881667834e-05 1.679881444047518535e-05
2.400000000000000000e+04 1.308878870747026972e-04 3.189060854188536165e-05 5.217623767206267085e-05 1.627960534087041217e-06 2.615099336483404631e-05 2.067486304922647351e-03 1.927291448614669762e-05 7.017259278520139110e-04 8.439443541001165000e-06 1.635351262320469901e-05 1.207181016211365983e-02 7.430757224674172656e-02 2.422270078792922166e-02 1.627960534087041217e-06 2.615099336483404631e-05 2.067486304922647351e-03 1.927291448614669762e-05 7.017259278520139110e-04 8.439443541001165000e-06 1.635351262320469901e-05
2.500000000000000000e+04 1.331088107114914289e-04 3.299711739691937759e-05 5.177038251766256515e-05 1.479717627083777156e-06 2.666008491895939913e-05 2.024929811909631505e-03 1.837291000149539829e-05 7.232031380643103718e-04 5.660344680696437389e-06 1.633009972296759304e-05 1.506534506039907545e-02 6.531189079927565699e-02 1.983691004692468909e-02 1.479717627083777156e-06 2.666008491895939913e-05 2.024929811909631505e-03 1.837291000149539829e-05 7.232031380643103718e-04 5.660344680696437389e-06 1.633009972296759304e-05
2.600000000000000000e+04 1.316705755204630648e-04 3.338676334463700716e-05 4.981184325217816183e-05 1.624461953064584376e-06 2.756210711970229367e-05 1.976347989281013705e-03 1.741141277433534525e-05 7.535278874893644799e-04 5.095288413729552390e-06 1.629534332095639685e-05 1.549601192873163030e-02 6.374341915054049235e-02 1.817440979579367649e-02 1.624461953064584376e-06 2.756210711970229367e-05 1.976347989281013705e-03 1.741141277433534525e-05 7.535278874893644799e-04 5.095288413729552390e-06 1.629534332095639685e-05
2.700000000000000000e+04 1.242652833215085917e-04 3.223191806774423966e-05 4.976147066994818620e-05 1.729636251774847133e-06 2.985973885531092439e-05 1.974428050712539930e-03 1.846465266889623481e-05 7.393371817089813705e-04 5.711317921616036005e-06 1.758676459886895715e-05 1.797361063295097733e-02 6.260788930467227342e-02 1.813155315696281938e-02 1.729636251774847133e-06 2.985973885531092439e-05 1.974428050712539930e-03 1.846465266889623481e-05 7.393371817089813705e-04 5.711317921616036005e-06 1.758676459886895715e-05
2.800000000000000000e+04 1.240511394987192661e-04 3.142404535804506783e-05 4.811394040872709845e-05 1.449458308390434768e-06 2.913475269353978906e-05 1.956298710322469225e-03 1.833646196238476004e-05 7.412421950039895478e-04 5.734833683835546361e-06 1.896726931398394188e-05 1.939522239522643507e-02 6.392777811186092785e-02 1.919998138961242010e-02 1.449458308390434768e-06 2.913475269353978906e-05 1.956298710322469225e-03 1.833646196238476004e-05 7.412421950039895478e-04 5.734833683835546361e-06 1.896726931398394188e-05
2.900000000000000000e+04 1.285653025621362336e-04 3.140233962507593489e-05 4.691297455489486007e-05 1.482930168710086757e-06 2.770192251495052257e-05 1.942203261951699249e-03 1.823299592440467655e-05 7.352363831874403344e-04 5.912068729624435304e-06 1.805847504522968737e-05 2.155780490664889124e-02 6.503222052415089105e-02 2.003536232005477188e-02 1.482930168710086757e-06 2.770192251495052257e-05 1.942203261951699249e-03 1.823299592440467655e-05 7.352363831874403344e-04 5.912068729624435304e-06 1.805847504522968737e-05
3.000000000000000000e+04 1.332356160935014590e-04 3.092153956988753994e-05 4.639608536991489396e-05 1.603644857553352829e-06 2.592672437006299509e-05 1.932602682105712252e-03 1.754187405931017642e-05 7.298756084182436840e-04 5.974628423729174899e-06 1.542864115677203472e-05 2.541984936094778338e-02 6.859801592746810062e-02 2.171045170512789918e-02 1.603644857553352829e-06 2.592672437006299509e-05 1.932602682105712252e-03 1.754187405931017642e-05 7.298756084182436840e-04 5.974628423729174899e-06 1.542864115677203472e-05
3.100000000000000000e+04 1.326814351729923398e-04 3.069308893023515707e-05 4.613864387811275109e-05 1.307246645905177804e-06 2.434718278192420497e-05 1.917737292331528429e-03 1.728818999010581583e-05 7.306986613296294081e-04 5.379745835436823216e-06 1.633471783705945735e-05 3.062817256751049905e-02 7.844594867271179051e-02 2.517460994854053141e-02 1.307246645905177804e-06 2.434718278192420497e-05 1.917737292331528429e-03 1.728818999010581583e-05 7.306986613296294081e-04 5.379745835436823216e-06 1.633471783705945735e-05
3.200000000000000000e+04 1.295447743347943013e-04 2.896308295478350838e-05 4.729539521782205169e-05 1.598720268337996511e-06 2.500778480284963272e-05 1.905759274124159929e-03 1.567811868867524609e-05 7.298546374487365320e-04 5.727166779903435038e-06 1.647570244205778187e-05 3.439178894553443500e-02 8.108616026572162960e-02 2.560524222077010387e-02 1.598720268337996511e-06 2.500778480284963272e-05 1.905759274124159929e-03 1.567811868867524609e-05 7.298546374487365320e-04 5.727166779903435038e-06 1.647570244205778187e-05
3.300000000000000000e+04 1.334114658810975893e-04 2.637485075941230884e-05 4.794919789769222268e-05 1.328217535366912673e-06 2.453685080544860202e-05 1.885262740841557550e-03 1.517782592790007278e-05 7.349354596940940254e-04 6.126379255567697722e-06 1.601852547399798820e-05 3.825781843686988648e-02 8.160394425207298519e-02 2.624202165981838128e-02 1.328217535366912673e-06 2.453685080544860202e-05 1.885262740841557550e-03 1.517782592790007278e-05 7.349354596940940254e-04 6.126379255567697722e-06 1.601852547399798820e-05
3.400000000000000000e+04 1.349989640419936381e-04 2.593672729234590592e-05 4.614726862341921406e-05 8.993613700300115101e-07 2.335077979271535286e-05 1.873779543101753787e-03 1.572746501175346546e-05 7.353955516258225099e-04 5.851035099185273976e-06 1.647971605861909931e-05 3.977962672671043337e-02 7.711822924799779932e-02 2.533758695628617746e-02 8.993613700300115101e-07 2.335077979271535286e-05 1.873779543101753787e-03 1.572746501175346546e-05 7.353955516258225099e-04 5.851035099185273976e-06 1.647971605861909931e-05
3.500000000000000000e+04 1.354232336280316283e-04 2.652341861901656364e-05 4.591532464726312313e-05 8.338866676998928332e-07 2.511277630057006370e-05 1.861414388330122002e-03 1.594880298468709143e-05 7.327179605597108989e-04 5.689159976687903583e-06 1.570198450300136370e-05 4.219892284255497700e-02 7.752296882726818217e-02 2.567973215168641715e-02 8.338866676998928332e-07 2.511277630057006370e-05 1.861414388330122002e-03 1.594880298468709143e-05 7.327179605597108989e-04 5.689159976687903583e-06 1.570198450300136370e-05
3.600000000000000000e+04 1.337119095510689367e-04 2.754770218459177871e-05 4.595076149154328938e-05 9.541017930522849544e-07 2.651227820494949129e-05 1.844856005407978939e-03 1.684235223964435909e-05 7.348648859292054338e-04 5.128511229044948730e-06 1.599776849955046102e-05 4.346451256640991578e-02 8.042822255288628597e-02 2.654419302620601717e-02 9.541017930522849544e-07 2.651227820494949129e-05 1.844856005407978939e-03 1.684235223964435909e-05 7.348648859292054338e-04 5.128511229044948730e-06 1.599776849955046102e-05
3.700000000000000000e+04 1.326012238236592999e-04 2.816071921649235298e-05 4.603127723620729868e-05 8.164559485825500978e-07 2.634773478765193780e-05 1.831057984965440456e-03 1.681443056852786186e-05 7.356824227417822076e-04 4.954154449749535406e-06 1.808659782884801967e-05 4.582762618713859953e-02 7.876336394539178165e-02 2.768482694304201519e-02 8.164559485825500978e-07 2.634773478765193780e-05 1.831057984965440456e-03 1.681443056852786186e-05 7.356824227417822076e-04 4.954154449749535406e-06 1.808659782884801967e-05
3.800000000000000000e+04 1.353834470815320210e-04 2.842387816771176854e-05 4.571334579713793412e-05 1.115636230506193757e-06 2.755553606379257796e-05 1.821072588894631595e-03 1.607951922300261216e-05 7.317635891534443127e-04 5.863048535344621291e-06 1.631306290782254094e-05 4.601201016572730590e-02 7.754384143070121305e-02 2.814482891488249289e-02 1.115636230506193757e-06 2.755553606379257796e-05 1.821072588894631595e-03 1.607951922300261216e-05 7.317635891534443127e-04 5.863048535344621291e-06 1.631306290782254094e-05
3.900000000000000000e+04 1.349203653865252515e-04 2.861819003619493673e-05 4.655315953475236521e-05 8.131373827907665272e-07 2.544668548557416679e-05 1.802791808916785971e-03 1.551147044128221050e-05 7.424279484571897790e-04 5.802036164122273435e-06 1.765350132399979479e-05 4.893379198366561850e-02 7.759141763121288338e-02 2.888360901703668909e-02 8.131373827907665272e-07 2.544668548557416679e-05 1.802791808916785971e-03 1.551147044128221050e-05 7.424279484571897790e-04 5.802036164122273435e-06 1.765350132399979479e-05
4.000000000000000000e+04 1.374938856369930021e-04 2.844837344337042078e-05 4.659769873345782025e-05 7.556269871514783692e-07 2.630696178333182499e-05 1.780803411950142474e-03 1.562241244207524421e-05 7.529054652740637451e-04 6.045565233181162311e-06 1.652693050513512983e-05 5.105368364925078756e-02 7.684812369935985210e-02 2.875978518188885766e-02 7.556269871514783692e-07 2.630696178333182499e-05 1.780803411950142474e-03 1.562241244207524421e-05 7.529054652740637451e-04 6.045565233181162311e-06 1.652693050513512983e-05
4.062500000000000000e+04 1.375062128409413990e-04 2.844469915143251255e-05 4.659119857434186726e-05 7.563998677992606240e-07 2.631421804256349925e-05 1.780852987401176967e-03 1.562391651190954387e-05 7.528244447098207540e-04 6.046943650520872979e-06 1.653086021169125191e-05 5.105827242075083872e-02 7.684897032386932281e-02 2.876078849097682411e-02 7.563998677992606240e-07 2.631421804256349925e-05 1.780852987401176967e-03 1.562391651190954387e-05 7.528244447098207540e-04 6.046943650520872979e-06 1.653086021169125191e-05
4.125000000000000000e+04 1.375117462904675123e-04 2.843878536190326163e-05 4.658402478903415396e-05 7.578892789135750553e-07 2.631415801771271729e-05 1.780878724037497120e-03 1.562597002090530888e-05 7.527832911772194130e-04 6.047970612474921277e-06 1.653607435090073682e-05 5.106313421400832803e-02 7.685105694685055722e-02 2.876196103676717519e-02 7.578892789135750553e-07 2.631415801771271729e-05 1.780878724037497120e-03 1.562597002090530888e-05 7.527832911772194130e-04 6.047970612474921277e-06 1.653607435090073682e-05
4.187500000000000000e+04 1.375220230229609001e-04 2.843566218696452760e-05 4.657521532599013202e-05 7.592743164236086760e-07 2.631802951283724015e-05 1.780932020290258667e-03 1.562701372056047265e-05 7.527104860044319789e-04 6.048974106226214448e-06 1.653751315192964789e-05 5.106568047599668869e-02 7.685242476576369108e-02 2.876245505211487419e-02 7.592743164236086760e-07 2.631802951283724015e-05 1.780932020290258667e-03 1.562701372056047265e-05 7.527104860044319789e-04 6.048974106226214448e-06 1.653751315192964789e-05
4.250000000000000000e+04 1.375251396026400444e-04 2.843108084700323151e-05 4.656959558472955935e-05 7.608805983368864106e-07 2.631650895864165376e-05 1.780958124900460871e-03 1.562811414615118669e-05 7.526742910040865476e-04 6.049956981844957087e-06 1.654071424439308542e-05 5.106864106667128450e-02 7.685417230868929472e-02 2.876317397482203858e-02 7.608805983368864106e-07 2.631650895864165376e-05 1.780958124900460871e-03 1.562811414615118669e-05 7.526742910040865476e-04 6.049956981844957087e-06 1.654071424439308542e-05
4.312500000000000000e+04 1.375334005466665669e-04 2.842893209989771973e-05 4.656234532826857703e-05 7.623248637631501872e-07 2.631875672241433531e-05 1.781009200219559746e-03 1.562847605906359950e-05 7.526079118540863512e-04 6.050911837930139172e-06 1.654083474295193641e-05 5.106994468871964982e-02 7.685529905806903761e-02 2.876338015608106286e-02 7.623248637631501872e-07 2.631875672241433531e-05 1.781009200219559746e-03 1.562847605906359950e-05 7.526079118540863512e-04 6.050911837930139172e-06 1.654083474295193641e-05
4.375000000000000000e+04 1.375352500665985491e-04 2.842520895319736201e-05 4.655801059526000442e-05 7.639444939990056298e-07 2.631599605149729842e-05 1.781033574211694261e-03 1.562907027556469046e-05 7.525762909568830704e-04 6.051834852394608112e-06 1.654301262441410498e-05 5.107201952478322010e-02 7.685683218894705238e-02 2.876389561162664976e-02 7.639444939990056298e-07 2.631599605149729842e-05 1.781033574211694261e-03 1.562907027556469046e-05 7.525762909568830704e-04 6.051834852394608112e-06 1.654301262441410498e-05
4.437500000000000000e+04 1.375423486330746041e-04 2.842369760554666825e-05 4.655197422025294021e-05 7.653773031305129003e-07 2.631702245433816870e-05 1.781081488688834738e-03 1.562907800235886714e-05 7.525154361996727777e-04 6.052729731260123017e-06 1.654249517059984466e-05 5.107276142142447989e-02 7.685780054960711372e-02 2.876398584126904287e-02 7.653773031305129003e-07 2.631702245433816870e-05 1.781081488688834738e-03 1.562907800235886714e-05 7.525154361996727777e-04 6.052729731260123017e-06 1.654249517059984466e-05
4.500000000000000000e+04 1.375434461523349463e-04 2.842055004316223433e-05 4.654862165202704443e-05 7.669644016303699233e-07 2.631338531725202314e-05 1.781103358460560957e-03 1.562941406608124974e-05 7.524879271007965578e-04 6.053588149796748036e-06 1.654416347835701063e-05 5.107442905005584594e-02 7.685918772332175908e-02 2.876442336841176714e-02 7.669644016303699233e-07 2.631338531725202314e-05 1.781103358460560957e-03 1.562941406608124974e-05 7.524879271007965578e-04 6.053588149796748036e-06 1.654416347835701063e-05
4.562500000000000000e+04 1.375497783056719395e-04 2.841946921796276306e-05 4.654350501507821596e-05 7.683537372808765734e-07 2.631356440043712276e-05 1.781147890315855830e-03 1.562924896750243588e-05 7.524318869710298462e-04 6.054421013239820328e-06 1.654335685325406663e-05 5.107492977738773560e-02 7.686004877232772980e-02 2.876448332446316161e-02 7.683537372808765734e-07 2.631356440043712276e-05 1.781147890315855830e-03 1.562924896750243588e-05 7.524318869710298462e-04 6.054421013239820328e-06 1.654335685325406663e-05
4.625000000000000000e+04 1.375503732798474170e-04 2.841672634249977085e-05 4.654089263143588090e-05 7.698870476318766812e-07 2.630935329250023354e-05 1.781167102471232621e-03 1.562946298020337176e-05 7.524080028942295439e-04 6.055216374046069655e-06 1.654477404907744482e-05 5.107641539940975528e-02 7.686133472960615665e-02 2.876490472948009872e-02 7.698870476318766812e-07 2.630935329250023354e-05 1.781167102471232621e-03 1.562946298020337176e-05 7.524080028942295439e-04 6.055216374046069655e-06 1.654477404907744482e-05
4.687500000000000000e+04 1.375561458787787517e-04 2.841594956720787886e-05 4.653647910437387983e-05 7.712182066176954917e-07 2.630896095464627983e-05 1.781208375802965840e-03 1.562922413222008296e-05 7.523561554952401965e-04 6.055990009501222204e-06 1.654384913823482469e-05 5.107682436909488644e-02 7.686212378239641596e-02 2.876497553100760760e-02 7.712182066176954917e-07 2.630896095464627983e-05 1.781208375802965840e-03 1.562922413222008296e-05 7.523561554952401965e-04 6.055990009501222204e-06 1.654384913823482469e-05
4.750000000000000000e+04 1.375563759348310850e-04 2.841350683476488257e-05 4.653443322808849313e-05 7.726881548990682389e-07 2.630438885438593415e-05 1.781225054187995233e-03 1.562938993740941766e-05 7.523354236551651206e-04 6.056726800879342792e-06 1.654514081400852986e-05 5.107823320786520488e-02 7.686334008915647609e-02 2.876540993483408734e-02 7.726881548990682389e-07 2.630438885438593415e-05 1.781225054187995233e-03 1.562938993740941766e-05 7.523354236551651206e-04 6.056726800879342792e-06 1.654514081400852986e-05
4.812500000000000000e+04 1.375617137661635440e-04 2.841295629026931768e-05 4.653057093413494707e-05 7.739549618315098129e-07 2.630361233954860292e-05 1.781263338249361840e-03 1.562913063231379621e-05 7.522872168654909809e-04 6.057446054480985331e-06 1.654417681286954463e-05 5.107861863812448999e-02 7.686408247977635777e-02 2.876550981037115373e-02 7.739549618315098129e-07 2.630361233954860292e-05 1.781263338249361840e-03 1.562913063231379621e-05 7.522872168654909809e-04 6.057446054480985331e-06 1.654417681286954463e-05
4.875000000000000000e+04 1.375616662366557351e-04 2.841074840176473551e-05 4.652897072618719627e-05 7.753579920347893350e-07 2.629881972479259294e-05 1.781277716132908129e-03 1.562928758386734985e-05 7.522692027999604899e-04 6.058129766534262057e-06 1.654540141916527072e-05 5.107999901122132341e-02 7.686525189227387533e-02 2.876596963470253246e-02 7.753579920347893350e-07 2.629881972479259294e-05 1.781277716132908129e-03 1.562928758386734985e-05 7.522692027999604899e-04 6.058129766534262057e-06 1.654540141916527072e-05
4.937500000000000000e+04 1.375666545226529179e-04 2.841037519882696076e-05 4.652555359143739302e-05 7.765587686239708881e-07 2.629778213427524570e-05 1.781313323607557498e-03 1.562903573694068835e-05 7.522241528485616203e-04 6.058800025333524201e-06 1.654443208133344654e-05 5.108039073573099331e-02 7.686596584846763780e-02 2.876610519972716204e-02 7.765587686239708881e-07 2.629778213427524570e-05 1.781313323607557498e-03 1.562903573694068835e-05 7.522241528485616203e-04 6.058800025333524201e-06 1.654443208133344654e-05
5.000000000000000000e+04 1.375663910836689660e-04 2.840835994683248850e-05 4.652431442003424940e-05 7.778945928670802790e-07 2.629285921819701346e-05 1.781325663023007209e-03 1.562920409981065960e-05 7.522084719192432449e-04 6.059436143393798626e-06 1.654561529303358986e-05 5.108176403388479253e-02 7.686710476523499203e-02 2.876659445268231821e-02 7.778945928670802790e-07 2.629285921819701346e-05 1.781325663023007209e-03 1.562920409981065960e-05 7.522084719192432449e-04 6.059436143393798626e-06 1.654561529303358986e-05
5.062500000000000000e+04 1.375710929754110764e-04 2.840813224160469716e-05 4.652126672433901013e-05 7.790301228621299075e-07 2.629164092987283411e-05 1.781358901758571707e-03 1.562897358884729140e-05 7.521661613097656426e-04 6.060062592495024314e-06 1.654465288850411373e-05 5.108217390756848025e-02 7.686780328314982147e-02 2.876676658168631634e-02 7.790301228621299075e-07 2.629164092987283411e-05 1.781358901758571707e-03 1.562897358884729140e-05 7.521661613097656426e-04 6.060062592495024314e-06 1.654465288850411373e-05
5.125000000000000000e+04 1.375706600371677155e-04 2.840628101230088768e-05 4.652032764272337213e-05 7.803002669813177171e-07 2.628664518021975086e-05 1.781369456618402038e-03 1.562916308108375167e-05 7.521524811053999487e-04 6.060656146706617970e-06 1.654580509059426019e-05 5.108354889161154794e-02 7.686892343292676955e-02 2.876728516370085156e-02 7.803002669813177171e-07 2.628664518021975086e-05 1.781369456618402038e-03 1.562916308108375167e-05 7.521524811053999487e-04 6.060656146706617970e-06 1.654580509059426019e-05
5.187500000000000000e+04 1.375751244932276265e-04 2.840617700335244081e-05 4.651759337224261909e-05 7.813726879109362571e-07 2.628529907024982384e-05 1.781400609081455018e-03 1.562896004988070930e-05 7.521125535099590972e-04 6.061243460760783164e-06 1.654485241149828581e-05 5.108398051501162468e-02 7.686961565854612266e-02 2.876749203996343054e-02 7.813726879109362571e-07 2.628529907024982384e-05 1.781400609081455018e-03 1.562896004988070930e-05 7.521125535099590972e-04 6.061243460760783164e-06 1.654485241149828581e-05
5.250000000000000000e+04 1.375745581243988103e-04 2.840446925619554092e-05 4.651690877032148665e-05 7.825796712066114344e-07 2.628026717170307483e-05 1.781409610126475892e-03 1.562917459583817263e-05 7.521005909454965424e-04 6.061798873671169180e-06 1.654597733048346120e-05 5.108536013546133292e-02 7.687072535240443982e-02 2.876803797514947830e-02 7.825796712066114344e-07 2.628026717170307483e-05 1.781409610126475892e-03 1.562917459583817263e-05 7.521005909454965424e-04 6.061798873671169180e-06 1.654597733048346120e-05
5.312500000000000000e+04 1.375788240093173663e-04 2.840447311622012862e-05 4.651444477444676725e-05 7.835918380012028276e-07 2.627882860588004455e-05 1.781438926705687219e-03 1.562900096962152759e-05 7.520627441699133647e-04 6.062351131600912746e-06 1.654503348049167244e-05 5.108581346892795971e-02 7.687141762719086613e-02 2.876827666040589551e-02 7.835918380012028276e-07 2.627882860588004455e-05 1.781438926705687219e-03 1.562900096962152759e-05 7.520627441699133647e-04 6.062351131600912746e-06 1.654503348049167244e-05
5.375000000000000000e+04 1.375781526869393890e-04 2.840289319912335425e-05 4.651397909456915307e-05 7.847386903920005321e-07 2.627378416304251445e-05 1.781446577087176337e-03 1.562924135598114917e-05 7.520522600848551439e-04 6.062872210990102526e-06 1.654613228232135484e-05 5.108719810382087584e-02 7.687252269724825782e-02 2.876884723976483663e-02 7.847386903920005321e-07 2.627378416304251445e-05 1.781446577087176337e-03 1.562924135598114917e-05 7.520522600848551439e-04 6.062872210990102526e-06 1.654613228232135484e-05
5.437500000000000000e+04 1.375822512671947390e-04 2.840299273148077060e-05 4.651175081723407813e-05 7.856937974176125473e-07 2.627227733838805604e-05 1.781474275948983837e-03 1.562909680831157626e-05 7.520162384564572618e-04 6.063392915512475334e-06 1.654519532245920046e-05 5.108767163268083944e-02 7.687321934302780713e-02 2.876911446605515121e-02 7.856937974176125473e-07 2.627227733838805604e-05 1.781474275948983837e-03 1.562909680831157626e-05 7.520162384564572618e-04 6.063392915512475334e-06 1.654519532245920046e-05
5.500000000000000000e+04 1.375814976665805085e-04 2.840152805042599129e-05 4.651147528048328676e-05 7.867837679300861305e-07 2.626723571624830285e-05 1.781480751719667415e-03 1.562936217227450328e-05 7.520070314559236524e-04 6.063882909961339432e-06 1.654626844833706001e-05 5.108906060718301084e-02 7.687432383839298833e-02 2.876970681886425324e-02 7.867837679300861305e-07 2.626723571624830285e-05 1.781480751719667415e-03 1.562936217227450328e-05 7.520070314559236524e-04 6.063882909961339432e-06 1.654626844833706001e-05
5.562500000000000000e+04 1.375854543276810993e-04 2.840171334437584930e-05 4.650945411513629404e-05 7.876851211286159354e-07 2.626567763816764172e-05 1.781507021469726703e-03 1.562924522761731174e-05 7.519726185351255192e-04 6.064375049272568775e-06 1.654533650206423842e-05 5.108955233599342394e-02 7.687502773724765037e-02 2.876999937234512791e-02 7.876851211286159354e-07 2.626567763816764172e-05 1.781507021469726703e-03 1.562924522761731174e-05 7.519726185351255192e-04 6.064375049272568775e-06 1.654533650206423842e-05
5.625000000000000000e+04 1.375846366101328032e-04 2.840035331018170493e-05 4.650934469444758417e-05 7.887215006860420796e-07 2.626064897903244272e-05 1.781512474105899141e-03 1.562953389130611288e-05 7.519645190221255562e-04 6.064836724051737366e-06 1.654638441110167527e-05 5.109094461979401397e-02 7.687613443357374510e-02 2.877061073783279688e-02 7.887215006860420796e-07 2.626064897903244272e-05 1.781512474105899141e-03 1.562953389130611288e-05 7.519645190221255562e-04 6.064836724051737366e-06 1.654638441110167527e-05
5.687500000000000000e+04 1.375884721209920793e-04 2.840061597092468357e-05 4.650750634033190008e-05 7.895723797724959499e-07 2.625905195746376322e-05 1.781537477384360479e-03 1.562944254061425343e-05 7.519315310913730899e-04 6.065302845572436115e-06 1.654545604458591940e-05 5.109145251026933621e-02 7.687684744827646965e-02 2.877092563020435673e-02 7.895723797724959499e-07 2.625905195746376322e-05 1.781537477384360479e-03 1.562944254061425343e-05 7.519315310913730899e-04 6.065302845572436115e-06 1.654545604458591940e-05
5.750000000000000000e+04 1.375876049074276650e-04 2.839935139002068497e-05 4.650754249171019130e-05 7.905583945222683960e-07 2.625404306297294974e-05 1.781542036926326471e-03 1.562975247685579786e-05 7.519243959257555657e-04 6.065738559250236415e-06 1.654647945160049553e-05 5.109284702513806897e-02 7.687795821597374901e-02 2.877155347381457964e-02 7.905583945222683960e-07 2.625404306297294974e-05 1.781542036926326471e-03 1.562975247685579786e-05 7.519243959257555657e-04 6.065738559250236415e-06 1.654647945160049553e-05
5.812500000000000000e+04 1.375913363836097465e-04 2.839968409286228342e-05 4.650586590138351662e-05 7.913619720374215651e-07 2.625241628740942259e-05 1.781565914079162333e-03 1.562968451979469383e-05 7.518926764081093096e-04 6.066180840095596559e-06 1.654555373458996832e-05 5.109336917336708417e-02 7.687868149352437841e-02 2.877188800478155256e-02 7.913619720374215651e-07 2.625241628740942259e-05 1.781565914079162333e-03 1.562968451979469383e-05 7.518926764081093096e-04 6.066180840095596559e-06 1.654555373458996832e-05
5.875000000000000000e+04 1.375904315003761904e-04 2.839850680938489316e-05 4.650602975041159836e-05 7.923007208106042691e-07 2.624743180126804537e-05 1.781569692243599890e-03 1.563001360855733633e-05 7.518863843345570223e-04 6.066592613653274013e-06 1.654655363146404799e-05 5.109476491671726545e-02 7.687979756218227267e-02 2.877253005511780717e-02 7.923007208106042691e-07 2.624743180126804537e-05 1.781569692243599890e-03 1.563001360855733633e-05 7.518863843345570223e-04 6.066592613653274013e-06 1.654655363146404799e-05
5.937500000000000000e+04 1.375940731427092263e-04 2.839890303918418628e-05 4.650449644384890737e-05 7.930600160286762879e-07 2.624578234859268870e-05 1.781592564680654477e-03 1.562996683871192404e-05 7.518557991296112835e-04 6.067012923496786595e-06 1.654563007300742145e-05 5.109529961013833249e-02 7.688053174980409576e-02 2.877288182079326684e-02 7.930600160286762879e-07 2.624578234859268870e-05 1.781592564680654477e-03 1.562996683871192404e-05 7.518557991296112835e-04 6.067012923496786595e-06 1.654563007300742145e-05
6.000000000000000000e+04 1.375931401991480085e-04 2.839780572032045525e-05 4.650477225044662161e-05 7.939544359966254573e-07 2.624082550592974323e-05 1.781595657665176408e-03 1.563031300430568258e-05 7.518502469662563439e-04 6.067402499687664956e-06 1.654660767017095770e-05 5.109669569599852024e-02 7.688165389595799648e-02 2.877353606818573717e-02 7.939544359966254573e-07 2.624082550592974323e-05 1.781595657665176408e-03 1.563031300430568258e-05 7.518502469662563439e-04 6.067402499687664956e-06 1.654660767017095770e-05
