# step, loss_train, loss_test, metrics_test
0.000000000000000000e+00 1.675751196344381138e-03 2.648073074236019508e-02 2.763055494582189811e-03 9.868932079055032017e-03 2.474635430932463007e-02 2.283238288538045387e-03 2.063139174793055322e-03 1.404251853023214258e-01 3.248021615335192763e-02 2.792532643932411213e-02 1.764350706635553923e-03 8.206950228772330255e-03 1.444022375182541602e-03 9.868932079055032017e-03 2.474635430932463007e-02 2.283238288538045387e-03 2.063139174793055322e-03 1.404251853023214258e-01 3.248021615335192763e-02 2.792532643932411213e-02
1.000000000000000000e+02 6.542626412768126761e-05 8.250668584394484095e-05 8.909295939038290504e-04 1.223758789384586914e-03 4.304630813862124142e-05 1.578489244854539182e-03 3.412399992969990481e-05 1.774553591981859260e-03 1.734057229976808528e-05 8.088148494669497016e-06 6.054353145889825152e-05 7.276127272718383051e-05 9.104587388629469024e-04 1.223758789384586914e-03 4.304630813862124142e-05 1.578489244854539182e-03 3.412399992969990481e-05 1.774553591981859260e-03 1.734057229976808528e-05 8.088148494669497016e-06
2.000000000000000000e+02 3.419182325880936840e-05 2.212478392594180359e-05 6.894599060513499546e-04 1.137859435559888466e-03 2.333355086799718167e-05 1.258208217626580845e-03 2.679424348946447024e-06 1.471122759511918040e-03 1.174666020752800972e-05 1.652098200283575473e-06 3.379369944590853358e-05 1.989587288611942875e-05 7.317327566461742303e-04 1.137859435559888466e-03 2.333355086799718167e-05 1.258208217626580845e-03 2.679424348946447024e-06 1.471122759511918040e-03 1.174666020752800972e-05 1.652098200283575473e-06
3.000000000000000000e+02 2.208900323952049007e-05 1.214359576530232625e-05 6.524334383601089601e-04 9.956149021129782027e-04 1.791985169089618292e-05 1.241778837054489763e-03 1.735257430762822291e-06 1.375482647690798267e-03 8.119135203433499410e-06 1.567242471087425884e-06 2.104770064176653875e-05 1.163060566801491614e-05 6.949598623669240574e-04 9.956149021129782027e-04 1.791985169089618292e-05 1.241778837054489763e-03 1.735257430762822291e-06 1.375482647690798267e-03 8.119135203433499410e-06 1.567242471087425884e-06
4.000000000000000000e+02 1.493194696742178169e-05 8.723773652086063573e-06 6.306980571907758355e-04 8.987196777635728844e-04 1.309195944623938658e-05 1.222882191352417207e-03 1.500149439908297490e-06 1.301927686176988959e-03 5.858956864946637618e-06 1.065581108221192158e-06 1.431207826527448440e-05 8.587202311348760884e-06 6.713115485588820857e-04 8.987196777635728844e-04 1.309195944623938658e-05 1.222882191352417207e-03 1.500149439908297490e-06 1.301927686176988959e-03 5.858956864946637618e-06 1.065581108221192158e-06
5.000000000000000000e+02 1.039049320189054428e-05 7.196331687976516642e-06 6.083404253858336200e-04 8.307946708262264239e-04 9.341881687807145778e-06 1.194821810117351881e-03 1.331572273066609604e-06 1.241397650930667861e-03 4.900949971476960927e-06 6.909915467187639607e-07 1.001940455748186991e-05 7.053320274092266815e-06 6.452789291215337225e-04 8.307946708262264239e-04 9.341881687807145778e-06 1.194821810117351881e-03 1.331572273066609604e-06 1.241397650930667861e-03 4.900949971476960927e-06 6.909915467187639607e-07
6.000000000000000000e+02 7.981048828777259453e-06 6.450468211591464788e-06 5.868300978522489721e-04 7.735028326749574358e-04 6.915055430674279282e-06 1.162287528319811206e-03 1.195958159645616998e-06 1.193200405623506518e-03 4.523132337479040156e-06 4.724691623653587935e-07 7.559392580887775839e-06 6.264788910630880661e-06 6.194162351331936435e-04 7.735028326749574358e-04 6.915055430674279282e-06 1.162287528319811206e-03 1.195958159645616998e-06 1.193200405623506518e-03 4.523132337479040156e-06 4.724691623653587935e-07
7.000000000000000000e+02 6.787732153095660825e-06 6.003175382162934652e-06 5.715714033107957776e-04 7.192987064423049873e-04 6.512096483600988438e-06 1.134781249511156165e-03 1.113284492607060747e-06 1.164295900540347675e-03 5.444368574332864098e-06 3.155613258677382874e-07 6.172817201741098387e-06 5.830618220043148013e-06 6.016836596383144491e-04 7.192987064423049873e-04 6.512096483600988438e-06 1.134781249511156165e-03 1.113284492607060747e-06 1.164295900540347675e-03 5.444368574332864098e-06 3.155613258677382874e-07
8.000000000000000000e+02 6.727974748850683750e-06 5.854070878379659667e-06 5.622537081750858187e-04 6.707147807990534397e-04 4.749499701546357096e-06 1.112451513978219121e-03 1.242720945934777977e-06 1.117212574435881914e-03 4.359230025463865401e-06 2.663597658681955414e-07 5.875945124775518523e-06 5.786600597953795676e-06 5.879821019877855357e-04 6.707147807990534397e-04 4.749499701546357096e-06 1.112451513978219121e-03 1.242720945934777977e-06 1.117212574435881914e-03 4.359230025463865401e-06 2.663597658681955414e-07
9.000000000000000000e+02 6.977458509115909527e-06 5.788133811686906924e-06 5.549778757920865394e-04 6.173230654797590101e-04 4.256322582706764485e-06 1.092473744927048270e-03 1.491505182688976797e-06 1.069587972397793027e-03 4.175600652596187235e-06 2.449951622015156065e-07 5.906402669084501009e-06 5.890222238124102547e-06 5.752364758100658466e-04 6.173230654797590101e-04 4.256322582706764485e-06 1.092473744927048270e-03 1.491505182688976797e-06 1.069587972397793027e-03 4.175600652596187235e-06 2.449951622015156065e-07
1.000000000000000000e+03 6.764663831378641925e-06 5.921575362612065551e-06 5.546621737540249853e-04 5.634066357465602332e-04 4.824106783021002864e-06 1.078531209725996096e-03 1.814527736761341353e-06 1.035202186859632625e-03 4.651313495680853742e-06 2.314270813659510303e-07 5.655133966362752914e-06 6.160063307673620412e-06 5.713757746213652582e-04 5.634066357465602332e-04 4.824106783021002864e-06 1.078531209725996096e-03 1.814527736761341353e-06 1.035202186859632625e-03 4.651313495680853742e-06 2.314270813659510303e-07
1.100000000000000000e+03 7.461148725919033347e-06 6.140939906811319987e-06 5.598961741863361929e-04 5.252742670782912853e-04 3.610205509413834616e-06 1.069489042358367972e-03 1.992366104243770201e-06 9.632905240719610677e-04 3.854167355202174630e-06 3.149080115605119198e-07 6.184554844085143894e-06 6.593351946508146302e-06 5.696040737091432032e-04 5.252742670782912853e-04 3.610205509413834616e-06 1.069489042358367972e-03 1.992366104243770201e-06 9.632905240719610677e-04 3.854167355202174630e-06 3.149080115605119198e-07
1.200000000000000000e+03 8.002846884195294547e-06 6.445690526095911775e-06 5.676568818640513343e-04 4.856624994377973115e-04 3.404849806736856867e-06 1.058728723119033285e-03 2.277202931864243096e-06 9.074919009298767787e-04 3.690394023644867235e-06 3.637403051232667936e-07 6.655151943474766295e-06 7.070787935578800577e-06 5.702379154035276329e-04 4.856624994377973115e-04 3.404849806736856867e-06 1.058728723119033285e-03 2.277202931864243096e-06 9.074919009298767787e-04 3.690394023644867235e-06 3.637403051232667936e-07
1.300000000000000000e+03 7.450532681294133392e-06 7.040589661912189749e-06 5.681245039760696820e-04 4.696284257418837337e-04 3.339249079881174716e-06 1.054161552383149278e-03 2.613485879732185621e-06 8.838125605850358441e-04 5.323704568543783299e-06 4.019737582435811247e-07 6.305964353588764160e-06 7.735063045910021230e-06 5.649735520926714655e-04 4.696284257418837337e-04 3.339249079881174716e-06 1.054161552383149278e-03 2.613485879732185621e-06 8.838125605850358441e-04 5.323704568543783299e-06 4.019737582435811247e-07
1.400000000000000000e+03 8.130440679468898784e-06 7.286256376713675399e-06 5.859519250210593446e-04 4.342472717722876355e-04 3.162156680290633906e-06 1.042020659025170212e-03 2.689549236054811211e-06 8.144694475588777193e-04 4.092720708319914978e-06 3.831277947611503264e-07 6.852487060975615197e-06 8.243867513525054719e-06 5.803351989936995220e-04 4.342472717722876355e-04 3.162156680290633906e-06 1.042020659025170212e-03 2.689549236054811211e-06 8.144694475588777193e-04 4.092720708319914978e-06 3.831277947611503264e-07
1.500000000000000000e+03 8.394164816216831421e-06 7.728576993978728652e-06 5.890446994398138405e-04 4.118340326346492971e-04 2.932856176627250944e-06 1.030201359161652145e-03 2.737914466262408092e-06 7.833822353829536901e-04 4.204052802881496820e-06 3.593297314313033062e-07 7.076470317620419164e-06 8.892637250534164828e-06 5.777843887327612817e-04 4.118340326346492971e-04 2.932856176627250944e-06 1.030201359161652145e-03 2.737914466262408092e-06 7.833822353829536901e-04 4.204052802881496820e-06 3.593297314313033062e-07
1.600000000000000000e+03 8.477542591386465304e-06 8.383179075624162547e-06 5.873591860321598088e-04 3.947704924699229853e-04 2.755429630152145360e-06 1.018110633498983328e-03 2.670168169308607470e-06 7.586571007695421627e-04 4.125766863363162121e-06 3.303436459170243576e-07 7.095799673283777931e-06 9.809948668303855942e-06 5.718603905550579021e-04 3.947704924699229853e-04 2.755429630152145360e-06 1.018110633498983328e-03 2.670168169308607470e-06 7.586571007695421627e-04 4.125766863363162121e-06 3.303436459170243576e-07
1.700000000000000000e+03 7.923095967115879914e-06 9.132017177778645975e-06 5.643149054032962865e-04 3.918066496694202800e-04 1.219416909877715823e-05 1.000569460687558178e-03 3.550007246645210961e-06 7.568988377116768170e-04 1.319227290445201559e-05 5.126050771565932752e-07 6.555207983506364120e-06 1.097669725521157715e-05 5.466724411958535056e-04 3.918066496694202800e-04 1.219416909877715823e-05 1.000569460687558178e-03 3.550007246645210961e-06 7.568988377116768170e-04 1.319227290445201559e-05 5.126050771565932752e-07
1.800000000000000000e+03 8.227015750404733440e-06 9.853451900300256433e-06 5.731898729882316072e-04 3.721139615923713009e-04 2.506749355702247554e-06 9.924122832542078745e-04 2.285066260308239894e-06 7.293212057295622979e-04 3.639578472317192768e-06 3.322887973774721828e-07 6.664574369309439123e-06 1.200486365934941425e-05 5.529451925180382940e-04 3.721139615923713009e-04 2.506749355702247554e-06 9.924122832542078745e-04 2.285066260308239894e-06 7.293212057295622979e-04 3.639578472317192768e-06 3.322887973774721828e-07
1.900000000000000000e+03 7.924221066345177205e-06 1.132098250099696556e-05 5.672942101130120382e-04 3.943557625404658169e-04 6.276933974171959323e-06 9.889345344042434205e-04 2.411537021185678145e-06 7.443760811393381307e-04 9.205921275190066163e-06 3.846358828091350779e-07 6.303275460844201940e-06 1.390048073709920793e-05 5.464932268042858561e-04 3.943557625404658169e-04 6.276933974171959323e-06 9.889345344042434205e-04 2.411537021185678145e-06 7.443760811393381307e-04 9.205921275190066163e-06 3.846358828091350779e-07
2.000000000000000000e+03 8.456136375882021067e-06 1.253929262112440688e-05 5.502515319044422315e-04 3.523260941428893130e-04 2.652362252589675623e-06 9.627283741770429086e-04 1.831067110287162218e-06 7.114622364137010609e-04 3.296916198066442783e-06 4.246906644542091887e-07 6.526246771473966415e-06 1.576630886818723633e-05 5.280196026582764874e-04 3.523260941428893130e-04 2.652362252589675623e-06 9.627283741770429086e-04 1.831067110287162218e-06 7.114622364137010609e-04 3.296916198066442783e-06 4.246906644542091887e-07
2.100000000000000000e+03 8.821024844554096588e-06 1.378555925906246900e-05 5.662179550516333081e-04 3.487057630389845796e-04 4.016741058620925635e-06 9.693621194192712179e-04 2.175247123924357625e-06 6.956647930130946704e-04 2.511924800291674317e-06 8.146264563748833802e-07 6.678783328299415972e-06 1.723216507742368863e-05 5.370271773287347379e-04 3.487057630389845796e-04 4.016741058620925635e-06 9.693621194192712179e-04 2.175247123924357625e-06 6.956647930130946704e-04 2.511924800291674317e-06 8.146264563748833802e-07
2.200000000000000000e+03 9.311215953830765312e-06 1.567619425135911184e-05 5.246539863581789779e-04 3.347569044218285717e-04 2.596855559854321995e-06 9.303075512901158887e-04 1.287924832244024964e-06 6.984528552016449742e-04 3.198810582420612244e-06 5.311094103727465096e-07 6.870547181477982023e-06 1.985581846289169103e-05 4.984745192794218151e-04 3.347569044218285717e-04 2.596855559854321995e-06 9.303075512901158887e-04 1.287924832244024964e-06 6.984528552016449742e-04 3.198810582420612244e-06 5.311094103727465096e-07
2.300000000000000000e+03 1.105151540813356606e-05 1.914226571439431546e-05 4.738493999849101930e-04 5.288610300098207364e-04 1.187149059465478440e-04 9.683954186604227772e-04 2.688325603239199364e-05 9.187186481552171149e-04 1.115406420023184873e-04 3.245365402353637049e-06 7.899691454577163657e-06 2.373982855710365846e-05 4.123622566973637708e-04 5.288610300098207364e-04 1.187149059465478440e-04 9.683954186604227772e-04 2.688325603239199364e-05 9.187186481552171149e-04 1.115406420023184873e-04 3.245365402353637049e-06
2.400000000000000000e+03 1.020229133497408602e-05 1.919470729513655537e-05 4.961900479323042620e-04 3.206318985898856471e-04 2.512539106734234692e-06 8.944863355662398350e-04 9.180392990606885130e-07 6.905489573702037597e-04 3.306257067279940805e-06 6.308288634604582767e-07 7.167411062831963255e-06 2.427050452053082819e-05 4.671394656696760926e-04 3.206318985898856471e-04 2.512539106734234692e-06 8.944863355662398350e-04 9.180392990606885130e-07 6.905489573702037597e-04 3.306257067279940805e-06 6.308288634604582767e-07
2.500000000000000000e+03 1.113603506630791820e-05 2.144937432446032135e-05 4.831582093740164675e-04 3.122810707294710274e-04 2.313069394150820646e-06 8.735075413874519423e-04 8.018325902639875051e-07 6.894204170916931563e-04 3.060858523487976306e-06 6.642526263554099745e-07 7.614713244166692159e-06 2.694648211349564987e-05 4.523166016700718621e-04 3.122810707294710274e-04 2.313069394150820646e-06 8.735075413874519423e-04 8.018325902639875051e-07 6.894204170916931563e-04 3.060858523487976306e-06 6.642526263554099745e-07
2.600000000000000000e+03 1.145107154245339793e-05 2.360979255666814571e-05 4.688897238622084579e-04 3.039873758811782625e-04 2.621074554428633406e-06 8.571544068388753596e-04 7.947021302789221127e-07 6.814267318998525232e-04 3.938660882345965799e-06 6.623230567597767868e-07 7.624339400942055418e-06 2.952692862735941125e-05 4.376827169001914477e-04 3.039873758811782625e-04 2.621074554428633406e-06 8.571544068388753596e-04 7.947021302789221127e-07 6.814267318998525232e-04 3.938660882345965799e-06 6.623230567597767868e-07
2.700000000000000000e+03 1.220018249320742017e-05 2.496401661275067182e-05 4.539822482202676549e-04 2.985454452797398875e-04 2.981015588173033721e-06 8.369945564534798411e-04 7.034972599004978020e-07 6.800851895417503283e-04 4.533917111052824190e-06 6.790627968522186138e-07 7.915559805156851717e-06 3.103164712990376942e-05 4.195985225320657155e-04 2.985454452797398875e-04 2.981015588173033721e-06 8.369945564534798411e-04 7.034972599004978020e-07 6.800851895417503283e-04 4.533917111052824190e-06 6.790627968522186138e-07
2.800000000000000000e+03 1.357530808225654061e-05 2.711839577706776907e-05 4.398378545868320694e-04 2.906647186537430084e-04 2.476578668834405219e-06 8.156753240355803496e-04 6.609039727041820096e-07 6.769313652520231534e-04 3.723680857889177853e-06 6.514508592640247946e-07 8.488969763315268270e-06 3.346719298126062038e-05 4.045340940075655258e-04 2.906647186537430084e-04 2.476578668834405219e-06 8.156753240355803496e-04 6.609039727041820096e-07 6.769313652520231534e-04 3.723680857889177853e-06 6.514508592640247946e-07
2.900000000000000000e+03 1.425506011987050758e-05 2.767781871724034090e-05 4.261928028553372671e-04 2.850743356369978107e-04 3.043181554679548424e-06 7.929811966437322248e-04 7.112258048991049024e-07 6.787479899297217982e-04 4.605723765068227158e-06 6.582309826210252346e-07 8.525107671637409550e-06 3.403409318175645940e-05 3.883571242289794614e-04 2.850743356369978107e-04 3.043181554679548424e-06 7.929811966437322248e-04 7.112258048991049024e-07 6.787479899297217982e-04 4.605723765068227158e-06 6.582309826210252346e-07
3.000000000000000000e+03 1.609280453409250196e-05 2.965230182064120657e-05 4.137430714676340019e-04 2.775681557421162617e-04 2.431496771539771078e-06 7.729204926073948365e-04 7.181905142962248513e-07 6.731910553518313670e-04 3.461982831224568479e-06 5.874120645043294650e-07 9.277681635687810765e-06 3.622104615760467965e-05 3.753522693504792785e-04 2.775681557421162617e-04 2.431496771539771078e-06 7.729204926073948365e-04 7.181905142962248513e-07 6.731910553518313670e-04 3.461982831224568479e-06 5.874120645043294650e-07
3.100000000000000000e+03 1.657103051345196521e-05 3.080494953838141338e-05 4.029140588321423219e-04 2.717614390597250756e-04 6.902512818749485349e-06 7.483598559228503725e-04 1.357472905976511034e-06 6.749781677244083783e-04 1.030195005980457203e-05 6.520997266103748349e-07 8.918583868698479430e-06 3.749425897381392119e-05 3.623713391347114197e-04 2.717614390597250756e-04 6.902512818749485349e-06 7.483598559228503725e-04 1.357472905976511034e-06 6.749781677244083783e-04 1.030195005980457203e-05 6.520997266103748349e-07
3.200000000000000000e+03 1.879162055071974423e-05 3.213760987530738818e-05 3.934513121338141951e-04 2.630901271661735910e-04 2.349896690156678863e-06 7.324632653546183075e-04 8.374096282400815424e-07 6.668873883398726424e-04 2.533326994645319928e-06 4.608329699637052784e-07 1.003817573174581340e-05 3.893208641208961414e-05 3.530456989463441803e-04 2.630901271661735910e-04 2.349896690156678863e-06 7.324632653546183075e-04 8.374096282400815424e-07 6.668873883398726424e-04 2.533326994645319928e-06 4.608329699637052784e-07
3.300000000000000000e+03 2.041531038226003804e-05 3.232284302732396072e-05 3.822462250361170592e-04 2.573004157971928120e-04 2.525171352990490504e-06 7.113367134024558376e-04 9.025894160729390495e-07 6.665232943474316569e-04 2.866039580219272020e-06 4.075116641359301287e-07 1.057793461285342695e-05 3.893519073389184150e-05 3.395075031972067899e-04 2.573004157971928120e-04 2.525171352990490504e-06 7.113367134024558376e-04 9.025894160729390495e-07 6.665232943474316569e-04 2.866039580219272020e-06 4.075116641359301287e-07
3.400000000000000000e+03 2.250294190054966096e-05 3.312101530127792813e-05 3.544289947770945222e-04 3.175076109636497564e-04 1.994680529110354385e-05 7.202283970448254604e-04 4.146166737345596369e-06 7.189869330124874910e-04 1.381751713027320745e-05 5.262504406191007738e-07 1.138814614770860158e-05 4.059949238296277357e-05 3.225289274392322773e-04 3.175076109636497564e-04 1.994680529110354385e-05 7.202283970448254604e-04 4.146166737345596369e-06 7.189869330124874910e-04 1.381751713027320745e-05 5.262504406191007738e-07
3.500000000000000000e+03 2.402475306197694559e-05 3.367314931759217303e-05 3.636187588251537685e-04 2.447405567699928127e-04 2.699287006026922748e-06 6.736826450428226414e-04 1.065025333054108954e-06 6.626662221209867658e-04 2.965463146367815756e-06 2.842813096918647555e-07 1.188825779395246214e-05 4.021060851041855010e-05 3.180889198142020807e-04 2.447405567699928127e-04 2.699287006026922748e-06 6.736826450428226414e-04 1.065025333054108954e-06 6.626662221209867658e-04 2.965463146367815756e-06 2.842813096918647555e-07
3.600000000000000000e+03 2.512627840482328331e-05 3.384957193084101891e-05 3.602108712338568906e-04 2.393519685329977052e-04 2.781217672867724577e-06 6.565776529365917151e-04 1.226470896985825560e-06 6.633691987390861935e-04 2.120534165739142567e-06 4.033226796020339262e-07 1.234014093919147876e-05 4.029244580515929457e-05 3.144084702845568102e-04 2.393519685329977052e-04 2.781217672867724577e-06 6.565776529365917151e-04 1.226470896985825560e-06 6.633691987390861935e-04 2.120534165739142567e-06 4.033226796020339262e-07
3.700000000000000000e+03 2.717842507997021242e-05 3.521783705608577978e-05 3.473451716349434427e-04 2.326528647107483391e-04 2.745083519065176453e-06 6.420136274016803937e-04 1.236905711813733788e-06 6.569628251623682060e-04 2.816535296246645171e-06 2.116182926778201528e-07 1.335350789990617288e-05 4.176144533855299690e-05 3.017308499286205383e-04 2.326528647107483391e-04 2.745083519065176453e-06 6.420136274016803937e-04 1.236905711813733788e-06 6.569628251623682060e-04 2.816535296246645171e-06 2.116182926778201528e-07
3.800000000000000000e+03 2.784170380997382565e-05 3.502903202849255569e-05 3.437540081966008847e-04 2.263854993346909813e-04 2.866312609916051610e-06 6.278080472169202510e-04 1.360720607671221997e-06 6.539619427994372569e-04 2.985492914547743560e-06 2.257483211203385439e-07 1.385517496404713162e-05 4.129953006748916810e-05 2.958225372388590324e-04 2.263854993346909813e-04 2.866312609916051610e-06 6.278080472169202510e-04 1.360720607671221997e-06 6.539619427994372569e-04 2.985492914547743560e-06 2.257483211203385439e-07
3.900000000000000000e+03 3.012801757569284427e-05 3.639114925010423688e-05 3.270161675314440814e-04 2.247584724663939215e-04 3.050835848968714412e-06 6.130798940983013534e-04 1.425644981432906432e-06 6.555328473079679403e-04 3.476159296447042397e-06 2.226678272124613273e-07 1.508022444274471009e-05 4.307379037489815141e-05 2.830385497373835951e-04 2.247584724663939215e-04 3.050835848968714412e-06 6.130798940983013534e-04 1.425644981432906432e-06 6.555328473079679403e-04 3.476159296447042397e-06 2.226678272124613273e-07
4.000000000000000000e+03 3.130376799133635304e-05 3.653387452276812998e-05 3.246411283745747754e-04 2.161442066177738167e-04 2.856548139229984604e-06 6.020999290749587136e-04 1.545187478562707431e-06 6.468762445340428676e-04 3.121091056314950378e-06 1.720179187932801496e-07 1.584466158058929529e-05 4.320604164050656683e-05 2.810227352829541727e-04 2.161442066177738167e-04 2.856548139229984604e-06 6.020999290749587136e-04 1.545187478562707431e-06 6.468762445340428676e-04 3.121091056314950378e-06 1.720179187932801496e-07
4.100000000000000000e+03 3.254403268446707007e-05 3.764899074064707022e-05 3.208418429728652176e-04 2.131654092589744436e-04 4.021516087007821470e-06 5.941276862975754768e-04 2.922990786105480632e-06 6.399105208097087723e-04 2.589765507201613842e-06 3.623178964427964478e-06 1.658149012252305463e-05 4.350460817450447289e-05 2.770905698783330184e-04 2.131654092589744436e-04 4.021516087007821470e-06 5.941276862975754768e-04 2.922990786105480632e-06 6.399105208097087723e-04 2.589765507201613842e-06 3.623178964427964478e-06
4.200000000000000000e+03 3.380796532848197544e-05 3.736980108263771879e-05 3.106496452729031713e-04 2.057700264208896224e-04 2.595683796327911513e-06 5.791886872391774702e-04 1.796560080815989309e-06 6.403893610299202580e-04 2.220124897272842580e-06 1.525906179601557128e-07 1.771446481711654933e-05 4.425740422896627874e-05 2.697883990566662103e-04 2.057700264208896224e-04 2.595683796327911513e-06 5.791886872391774702e-04 1.796560080815989309e-06 6.403893610299202580e-04 2.220124897272842580e-06 1.525906179601557128e-07
4.300000000000000000e+03 3.508220172877525925e-05 3.732062573072405278e-05 3.005651609722241363e-04 2.016759926176112442e-04 2.838732315301973641e-06 5.674226613639552896e-04 1.862185170793149929e-06 6.393343898497522810e-04 3.401645161663458877e-06 1.303081968904910852e-07 1.865440650148262607e-05 4.433179282768008020e-05 2.613501187387547598e-04 2.016759926176112442e-04 2.838732315301973641e-06 5.674226613639552896e-04 1.862185170793149929e-06 6.393343898497522810e-04 3.401645161663458877e-06 1.303081968904910852e-07
4.400000000000000000e+03 3.585608509305502207e-05 3.755398096723828479e-05 2.959605671687588497e-04 1.970842127689209297e-04 2.720844923301489381e-06 5.567727489593017783e-04 1.936806820716619939e-06 6.357958424455843012e-04 2.919839407356955240e-06 1.436122322847684769e-07 1.937205297412841726e-05 4.472694960044349696e-05 2.585102163979081545e-04 1.970842127689209297e-04 2.720844923301489381e-06 5.567727489593017783e-04 1.936806820716619939e-06 6.357958424455843012e-04 2.919839407356955240e-06 1.436122322847684769e-07
4.500000000000000000e+03 3.664129447956089775e-05 3.751171789944539634e-05 2.895517297049612568e-04 1.916708102788451727e-04 4.546369798646636944e-06 5.459584897004021156e-04 3.641732436816709309e-06 6.356765440380666076e-04 4.148123919616248853e-06 6.868112096079462896e-07 2.022339500182046340e-05 4.438960453753668686e-05 2.530388614054735071e-04 1.916708102788451727e-04 4.546369798646636944e-06 5.459584897004021156e-04 3.641732436816709309e-06 6.356765440380666076e-04 4.148123919616248853e-06 6.868112096079462896e-07
4.600000000000000000e+03 3.805303190825512787e-05 3.805026011458955917e-05 2.797510938365937810e-04 1.878599513725492812e-04 2.596511695233492052e-06 5.387509090831591775e-04 2.149177056743809588e-06 6.303212974841629389e-04 2.953736641111577555e-06 1.246821158119186121e-07 2.127573526823852183e-05 4.552372121403030781e-05 2.464063477063556905e-04 1.878599513725492812e-04 2.596511695233492052e-06 5.387509090831591775e-04 2.149177056743809588e-06 6.303212974841629389e-04 2.953736641111577555e-06 1.246821158119186121e-07
4.700000000000000000e+03 3.899205054834202380e-05 3.901543211821218923e-05 2.763997478764865234e-04 2.081764561397334815e-04 1.999713055566077329e-05 5.396610467012500538e-04 2.671819107296214733e-05 6.449824247710996949e-04 1.295222016310064174e-05 4.899416224600823162e-07 2.269882631564613463e-05 4.693681218268430568e-05 2.522678304690856733e-04 2.081764561397334815e-04 1.999713055566077329e-05 5.396610467012500538e-04 2.671819107296214733e-05 6.449824247710996949e-04 1.295222016310064174e-05 4.899416224600823162e-07
4.800000000000000000e+03 3.895641245293152036e-05 3.801250653537734423e-05 2.791501556250358435e-04 1.784641605354758947e-04 2.948104505586593105e-06 5.295194104647557142e-04 2.369316389844965730e-06 6.168328051904664860e-04 2.092253867397400234e-06 2.074532444532734391e-07 2.254376759325233082e-05 4.583984215971303192e-05 2.469315626572878247e-04 1.784641605354758947e-04 2.948104505586593105e-06 5.295194104647557142e-04 2.369316389844965730e-06 6.168328051904664860e-04 2.092253867397400234e-06 2.074532444532734391e-07
4.900000000000000000e+03 4.043733368955743031e-05 3.850847541654995015e-05 2.552091367350190344e-04 1.784011628920422095e-04 3.027785984478376283e-06 5.096755378888307136e-04 2.496238382233524043e-06 6.291114410644588423e-04 3.903828161619635713e-06 1.537808524088645886e-07 2.381788347495792760e-05 4.656711093962191960e-05 2.290589193422660802e-04 1.784011628920422095e-04 3.027785984478376283e-06 5.096755378888307136e-04 2.496238382233524043e-06 6.291114410644588423e-04 3.903828161619635713e-06 1.537808524088645886e-07
5.000000000000000000e+03 4.068808478150094616e-05 3.815028191235751151e-05 2.552670957086833770e-04 1.723722927866980529e-04 2.392584933189276343e-06 5.050815190069403958e-04 2.464080528149383931e-06 6.199239274655131155e-04 2.704591316617923832e-06 1.620675253512285278e-07 2.435401648489049354e-05 4.639176300765845588e-05 2.302339825976752795e-04 1.723722927866980529e-04 2.392584933189276343e-06 5.050815190069403958e-04 2.464080528149383931e-06 6.199239274655131155e-04 2.704591316617923832e-06 1.620675253512285278e-07
5.100000000000000000e+03 3.942486082006208990e-05 4.211729528705442132e-05 2.921997935755372457e-04 2.085161469648390417e-04 1.911910168934236238e-05 5.765845069477740096e-04 1.897562042201409783e-05 6.129608771676231093e-04 1.217155319097126249e-05 8.170853025727824225e-06 2.412041214949839783e-05 4.655876206599982627e-05 2.501211044610626428e-04 2.085161469648390417e-04 1.911910168934236238e-05 5.765845069477740096e-04 1.897562042201409783e-05 6.129608771676231093e-04 1.217155319097126249e-05 8.170853025727824225e-06
5.200000000000000000e+03 4.069544587113617081e-05 3.870303882472515811e-05 2.458918966863239144e-04 1.642293430394388442e-04 3.394791188464886722e-06 4.887239494769747344e-04 3.586546563236166250e-06 6.174764553049937347e-04 3.967008026839606570e-06 4.648569339122039136e-07 2.529010440652455354e-05 4.717345592159834363e-05 2.231018386583026526e-04 1.642293430394388442e-04 3.394791188464886722e-06 4.887239494769747344e-04 3.586546563236166250e-06 6.174764553049937347e-04 3.967008026839606570e-06 4.648569339122039136e-07
5.300000000000000000e+03 4.134761399057858326e-05 3.826816771463588054e-05 2.377580887962446046e-04 1.614209627999610235e-04 3.208835291261170642e-06 4.835292135168795359e-04 2.950926223718949209e-06 6.120324735572181627e-04 4.746868107267747813e-06 2.340172583123015306e-07 2.602589516806793244e-05 4.693573391637304520e-05 2.163762256374703811e-04 1.614209627999610235e-04 3.208835291261170642e-06 4.835292135168795359e-04 2.950926223718949209e-06 6.120324735572181627e-04 4.746868107267747813e-06 2.340172583123015306e-07
5.400000000000000000e+03 3.948813699358604982e-05 4.295924856173394615e-05 3.189179417332912796e-04 1.774422554038186314e-04 5.219384962769413382e-05 5.322788767036668728e-04 2.982610911082021418e-05 5.884559227464901008e-04 4.417165692467541150e-05 9.136089733376686137e-06 2.557246448009481630e-05 4.932767297416772265e-05 2.661234498687474513e-04 1.774422554038186314e-04 5.219384962769413382e-05 5.322788767036668728e-04 2.982610911082021418e-05 5.884559227464901008e-04 4.417165692467541150e-05 9.136089733376686137e-06
5.500000000000000000e+03 4.247566280949849820e-05 4.085432725168833219e-05 2.053640876623325873e-04 3.134122849038404289e-04 2.774246292139179636e-06 5.005204703485228914e-04 3.861070610361621321e-06 7.596233683204303222e-04 3.707910376368222641e-06 2.604569476615269315e-06 2.808887947506444300e-05 4.985338674409520274e-05 1.945394498975617256e-04 3.134122849038404289e-04 2.774246292139179636e-06 5.005204703485228914e-04 3.861070610361621321e-06 7.596233683204303222e-04 3.707910376368222641e-06 2.604569476615269315e-06
5.600000000000000000e+03 4.119770809420916145e-05 3.873336198393964569e-05 2.210374932488122013e-04 1.562681110530019608e-04 2.239151219795306615e-06 4.638719983111724214e-04 3.717974230431243669e-06 6.080116682434754099e-04 2.869038689810477999e-06 3.213892941646088108e-07 2.740246846196106947e-05 4.815502906961748367e-05 2.049787882915185967e-04 1.562681110530019608e-04 2.239151219795306615e-06 4.638719983111724214e-04 3.717974230431243669e-06 6.080116682434754099e-04 2.869038689810477999e-06 3.213892941646088108e-07
5.700000000000000000e+03 4.093882120022817960e-05 3.869445983905114042e-05 2.178929449697065903e-04 1.509179635361155376e-04 1.912732597421018044e-06 4.596426745293872218e-04 2.957551185623955512e-06 6.026190480912838694e-04 3.087883531332073957e-06 2.370754589720611950e-07 2.754754969692053249e-05 4.816370645560846906e-05 2.024139797291607838e-04 1.509179635361155376e-04 1.912732597421018044e-06 4.596426745293872218e-04 2.957551185623955512e-06 6.026190480912838694e-04 3.087883531332073957e-06 2.370754589720611950e-07
5.800000000000000000e+03 4.011669004157742633e-05 4.049240071302999595e-05 2.603742027319962409e-04 2.071213943097254667e-04 8.292037125925234703e-06 5.667824086781725161e-04 7.309060821557605287e-06 6.103797639582283618e-04 1.467780125767401726e-05 4.662268257829590602e-06 2.701231763408057225e-05 4.686475550129433468e-05 2.246987473122347818e-04 2.071213943097254667e-04 8.292037125925234703e-06 5.667824086781725161e-04 7.309060821557605287e-06 6.103797639582283618e-04 1.467780125767401726e-05 4.662268257829590602e-06
5.900000000000000000e+03 4.104920849588947093e-05 3.884776946053684091e-05 2.159421722974669570e-04 1.462671010291912799e-04 9.691790436420448241e-06 4.578825091337179374e-04 1.073673197077842813e-05 5.882924205038523582e-04 1.332405305097046829e-05 5.415486944533563352e-07 2.836608312528582181e-05 4.800302617076963364e-05 1.959377472136706352e-04 1.462671010291912799e-04 9.691790436420448241e-06 4.578825091337179374e-04 1.073673197077842813e-05 5.882924205038523582e-04 1.332405305097046829e-05 5.415486944533563352e-07
6.000000000000000000e+03 4.064991139318375145e-05 3.987892556057033848e-05 2.146278113444533497e-04 1.596582449801485482e-04 4.040930806980969052e-06 4.512282878963619391e-04 4.521394311853449894e-06 5.941079286680073712e-04 4.967030534292551687e-06 3.578898827911883092e-07 2.888651099385313145e-05 4.954322456199149600e-05 1.959852675391397965e-04 1.596582449801485482e-04 4.040930806980969052e-06 4.512282878963619391e-04 4.521394311853449894e-06 5.941079286680073712e-04 4.967030534292551687e-06 3.578898827911883092e-07
6.100000000000000000e+03 4.094422255857723937e-05 3.896764950931404356e-05 1.986151419522727394e-04 1.512810895044997765e-04 2.747496598436839560e-06 4.402175618471493887e-04 5.543559276170201779e-06 6.000653964223695352e-04 3.370592996859945088e-06 2.783276714801598964e-07 2.946209236788747824e-05 4.919889928420668405e-05 1.868165598166830223e-04 1.512810895044997765e-04 2.747496598436839560e-06 4.402175618471493887e-04 5.543559276170201779e-06 6.000653964223695352e-04 3.370592996859945088e-06 2.783276714801598964e-07
6.200000000000000000e+03 4.089772884711440103e-05 3.917704305370308022e-05 1.968361200381900107e-04 1.398774335705635417e-04 1.340620136057462834e-06 4.365488885521325696e-04 2.868909149250158279e-06 5.877488098828162174e-04 2.634236448637439927e-06 2.449758327555153077e-07 2.973191022222276280e-05 4.900772298086119363e-05 1.839646608233969820e-04 1.398774335705635417e-04 1.340620136057462834e-06 4.365488885521325696e-04 2.868909149250158279e-06 5.877488098828162174e-04 2.634236448637439927e-06 2.449758327555153077e-07
6.300000000000000000e+03 4.083895522101241402e-05 3.889667039054514125e-05 1.931322812212900092e-04 1.386200964609840547e-04 1.254895207675324253e-06 4.340326149917828622e-04 2.804467304053335527e-06 5.836942056304739645e-04 2.624856063430666305e-06 2.785482387469539700e-07 3.008273452333993546e-05 4.862033632125474611e-05 1.808794406503564278e-04 1.386200964609840547e-04 1.254895207675324253e-06 4.340326149917828622e-04 2.804467304053335527e-06 5.836942056304739645e-04 2.624856063430666305e-06 2.785482387469539700e-07
6.400000000000000000e+03 4.169914391779505500e-05 3.930146592859622373e-05 1.879781324587216662e-04 1.354159892646344336e-04 1.054308889055134481e-05 4.217873604866186565e-04 4.405208434354155144e-06 5.917748896958180925e-04 1.633903121543581202e-05 2.588569560383832440e-07 3.076325016708220290e-05 4.851516296660133307e-05 1.699035321292977681e-04 1.354159892646344336e-04 1.054308889055134481e-05 4.217873604866186565e-04 4.405208434354155144e-06 5.917748896958180925e-04 1.633903121543581202e-05 2.588569560383832440e-07
6.500000000000000000e+03 4.067026936979901741e-05 3.931003079049077070e-05 1.908231556551229452e-04 1.336748635605538704e-04 1.485075902227426459e-06 4.314206656280808244e-04 2.840680910136621930e-06 5.745324991030354789e-04 2.571986216077038999e-06 3.222086640254293012e-07 3.057367074961729359e-05 4.902159918128436541e-05 1.761338671975132915e-04 1.336748635605538704e-04 1.485075902227426459e-06 4.314206656280808244e-04 2.840680910136621930e-06 5.745324991030354789e-04 2.571986216077038999e-06 3.222086640254293012e-07
6.600000000000000000e+03 4.095376761901910179e-05 3.926075927969857647e-05 1.802517335147066900e-04 1.334058751952899794e-04 1.091674340589559443e-06 4.212013531850704990e-04 2.542456257121867545e-06 5.781388358245140519e-04 2.423308617408034801e-06 2.387865948592508837e-07 3.121156921112744088e-05 4.906326032763003219e-05 1.683986487616520079e-04 1.334058751952899794e-04 1.091674340589559443e-06 4.212013531850704990e-04 2.542456257121867545e-06 5.781388358245140519e-04 2.423308617408034801e-06 2.387865948592508837e-07
6.700000000000000000e+03 4.133765094673436184e-05 3.941734359847281328e-05 1.766665468741740843e-04 1.316459026531317691e-04 1.021857867102804453e-06 4.177393694516053015e-04 2.477254023411719170e-06 5.756132238182632864e-04 2.335799536562659584e-06 2.489360571040066410e-07 3.180999781772911788e-05 4.915681415583406046e-05 1.651335421508569020e-04 1.316459026531317691e-04 1.021857867102804453e-06 4.177393694516053015e-04 2.477254023411719170e-06 5.756132238182632864e-04 2.335799536562659584e-06 2.489360571040066410e-07
6.800000000000000000e+03 4.092780294890508840e-05 3.926845915623386479e-05 1.764284290188186926e-04 1.300279736491327881e-04 1.052352057738762358e-06 4.155849593653058224e-04 2.398432844698187564e-06 5.711860141950066095e-04 2.070117475307092917e-06 3.177027574848178773e-07 3.180997413251939311e-05 4.919047812518073182e-05 1.654392192820139601e-04 1.300279736491327881e-04 1.052352057738762358e-06 4.155849593653058224e-04 2.398432844698187564e-06 5.711860141950066095e-04 2.070117475307092917e-06 3.177027574848178773e-07
6.900000000000000000e+03 4.009354293898317108e-05 4.145765058243092464e-05 2.078340485050590215e-04 1.316609765223600954e-04 3.424853433871339383e-05 4.277770426543593273e-04 2.644852893616013163e-05 5.590551325779791192e-04 3.170092267966543735e-05 3.581455638041046101e-06 3.148600753656564689e-05 5.026797238074892350e-05 1.866446736305085762e-04 1.316609765223600954e-04 3.424853433871339383e-05 4.277770426543593273e-04 2.644852893616013163e-05 5.590551325779791192e-04 3.170092267966543735e-05 3.581455638041046101e-06
7.000000000000000000e+03 4.220861495934426379e-05 3.992366136289784105e-05 1.540913370150456981e-04 1.677726691958137317e-04 2.883591297943292202e-06 4.200099676817570953e-04 2.325731964923503014e-06 6.152991247597046614e-04 6.085218624767358060e-06 1.081961230907941336e-06 3.362997004427416769e-05 4.974145479741751689e-05 1.423533059280032373e-04 1.677726691958137317e-04 2.883591297943292202e-06 4.200099676817570953e-04 2.325731964923503014e-06 6.152991247597046614e-04 6.085218624767358060e-06 1.081961230907941336e-06
7.100000000000000000e+03 4.555593522412529502e-05 4.388921981535293094e-05 2.017701421780079341e-04 4.423607360663541215e-04 3.119535594022433857e-05 6.238025679274371901e-04 1.653216343631220682e-05 7.779571252804233158e-04 4.443343302893343669e-05 3.428676818664483231e-06 3.655608846738851232e-05 5.318868915830517684e-05 1.375503021948331045e-04 4.423607360663541215e-04 3.119535594022433857e-05 6.238025679274371901e-04 1.653216343631220682e-05 7.779571252804233158e-04 4.443343302893343669e-05 3.428676818664483231e-06
7.200000000000000000e+03 4.206918019473151148e-05 3.910512958012230005e-05 1.569975053571013549e-04 1.259326849820187918e-04 8.596474811418186926e-07 4.024401905663002100e-04 2.037187379489367159e-06 5.657524396883362909e-04 1.817977883620735100e-06 2.271194785920148293e-07 3.362731238584139873e-05 4.855085973163863762e-05 1.473466340201184921e-04 1.259326849820187918e-04 8.596474811418186926e-07 4.024401905663002100e-04 2.037187379489367159e-06 5.657524396883362909e-04 1.817977883620735100e-06 2.271194785920148293e-07
7.300000000000000000e+03 4.281627766322771496e-05 3.944754033472097377e-05 1.455843079484779774e-04 1.433817560353142567e-04 2.761427268765997478e-06 4.025584887176729019e-04 2.113853254571938501e-06 5.806082692652746093e-04 4.551649991143236174e-06 8.276676514867086269e-07 3.448814284427250169e-05 4.921173629963672630e-05 1.360530459740097486e-04 1.433817560353142567e-04 2.761427268765997478e-06 4.025584887176729019e-04 2.113853254571938501e-06 5.806082692652746093e-04 4.551649991143236174e-06 8.276676514867086269e-07
7.400000000000000000e+03 4.192294312230293379e-05 3.918616312783030226e-05 1.569116275033757607e-04 1.249877795892890262e-04 1.425104014579675122e-06 4.047748592594699974e-04 2.260716081927741219e-06 5.549109401546474226e-04 1.761840013057937477e-06 5.034852435861063203e-07 3.383933437492076305e-05 4.824199211181012581e-05 1.458692485505050970e-04 1.249877795892890262e-04 1.425104014579675122e-06 4.047748592594699974e-04 2.260716081927741219e-06 5.549109401546474226e-04 1.761840013057937477e-06 5.034852435861063203e-07
7.500000000000000000e+03 4.250330492369802914e-05 3.886105765421903806e-05 1.456730829661866274e-04 1.220533765178635505e-04 9.205480994686729719e-07 3.938851611391697843e-04 1.806801716002283902e-06 5.606545945136997200e-04 1.878715861430308988e-06 1.989862470864272733e-07 3.451467702375104151e-05 4.818124946116247973e-05 1.371636473694765892e-04 1.220533765178635505e-04 9.205480994686729719e-07 3.938851611391697843e-04 1.806801716002283902e-06 5.606545945136997200e-04 1.878715861430308988e-06 1.989862470864272733e-07
7.600000000000000000e+03 4.287015489137757754e-05 3.875276040322886558e-05 1.431425398271050475e-04 1.205719015096979148e-04 1.170654009049559264e-06 3.918793203257192712e-04 1.897480776109030058e-06 5.574795920831182583e-04 2.063144404019813713e-06 2.017629646628529451e-07 3.506439758973044788e-05 4.797301178601055891e-05 1.344004916509046813e-04 1.205719015096979148e-04 1.170654009049559264e-06 3.918793203257192712e-04 1.897480776109030058e-06 5.574795920831182583e-04 2.063144404019813713e-06 2.017629646628529451e-07
7.700000000000000000e+03 4.408586070790935244e-05 3.921449370787718022e-05 1.347022657553102536e-04 1.406838869152157842e-04 8.904076950399221493e-06 3.910539780589548822e-04 2.040480011150629356e-06 5.854790955278814726e-04 1.271297084790647507e-05 1.346983908038319820e-06 3.629286225677898881e-05 4.863861924850753791e-05 1.213145919145742780e-04 1.406838869152157842e-04 8.904076950399221493e-06 3.910539780589548822e-04 2.040480011150629356e-06 5.854790955278814726e-04 1.271297084790647507e-05 1.346983908038319820e-06
7.800000000000000000e+03 4.142591245624442273e-05 4.063976144310691937e-05 2.152976163163827035e-04 2.643481835876723782e-04 2.355785640626693550e-05 4.734792797739212182e-04 7.157140830201533421e-06 6.003211247284009075e-04 2.962565057158063803e-05 3.873830331077246112e-06 3.422188895721785831e-05 4.725952593140862198e-05 1.694739257993343117e-04 2.643481835876723782e-04 2.355785640626693550e-05 4.734792797739212182e-04 7.157140830201533421e-06 6.003211247284009075e-04 2.962565057158063803e-05 3.873830331077246112e-06
7.900000000000000000e+03 4.331449070668144397e-05 3.958022932362338138e-05 1.594183336620732150e-04 1.515902027532370279e-04 7.850424439551080983e-06 4.392904955106371372e-04 6.774003717262979695e-06 5.471629722030964737e-04 8.683852300582706323e-06 1.751136059861362727e-06 3.572938504960007704e-05 4.501158825330475732e-05 1.409663152385149981e-04 1.515902027532370279e-04 7.850424439551080983e-06 4.392904955106371372e-04 6.774003717262979695e-06 5.471629722030964737e-04 8.683852300582706323e-06 1.751136059861362727e-06
8.000000000000000000e+03 4.638221715390377677e-05 4.130759406271081706e-05 1.503041864086553873e-04 2.802185965288377665e-04 3.740378240842910922e-05 4.891059171623184099e-04 6.305255909892581263e-05 6.673514550208869099e-04 3.260647170400152818e-05 1.384129484970547319e-06 3.870957323860644260e-05 5.142117775992270879e-05 1.177702476219819934e-04 2.802185965288377665e-04 3.740378240842910922e-05 4.891059171623184099e-04 6.305255909892581263e-05 6.673514550208869099e-04 3.260647170400152818e-05 1.384129484970547319e-06
8.100000000000000000e+03 4.420600407431344718e-05 3.782651334163226380e-05 1.248535666463442321e-04 1.155110832011132615e-04 9.499580115481668502e-07 3.796761572813777156e-04 1.542416496926870843e-06 5.516171570850149320e-04 1.818333914297675132e-06 1.515192028358440258e-07 3.726744102253365864e-05 4.718695674702688458e-05 1.186003675474564691e-04 1.155110832011132615e-04 9.499580115481668502e-07 3.796761572813777156e-04 1.542416496926870843e-06 5.516171570850149320e-04 1.818333914297675132e-06 1.515192028358440258e-07
8.200000000000000000e+03 4.415725473840534149e-05 3.745964314568756009e-05 1.235130045982972286e-04 1.139041263703437538e-04 1.065103589907160399e-06 3.778779515044541535e-04 1.640369148084182261e-06 5.501167818383832222e-04 1.879418570730635775e-06 1.848204602672774193e-07 3.755755748658526962e-05 4.691643049892951675e-05 1.181368630243142122e-04 1.139041263703437538e-04 1.065103589907160399e-06 3.778779515044541535e-04 1.640369148084182261e-06 5.501167818383832222e-04 1.879418570730635775e-06 1.848204602672774193e-07
8.300000000000000000e+03 4.439516473616862620e-05 3.818410602801290655e-05 1.225755837765513351e-04 1.219782590125609550e-04 1.523494308890878763e-06 3.746731000416248414e-04 1.995642487852995705e-06 5.575597645707116527e-04 1.568747740149383441e-06 1.885153736865312093e-07 3.792226450804384567e-05 4.837085877251241810e-05 1.172795049336545668e-04 1.219782590125609550e-04 1.523494308890878763e-06 3.746731000416248414e-04 1.995642487852995705e-06 5.575597645707116527e-04 1.568747740149383441e-06 1.885153736865312093e-07
8.400000000000000000e+03 4.454095281383612141e-05 3.745005785045275621e-05 1.168821017751243356e-04 1.111507625888312798e-04 2.367510842345425475e-06 3.710943796042858117e-04 1.751593055101397885e-06 5.509744807803330533e-04 3.969066061609631909e-06 2.207551392030887438e-07 3.798238323222662290e-05 4.713294970273185669e-05 1.107263493239449840e-04 1.111507625888312798e-04 2.367510842345425475e-06 3.710943796042858117e-04 1.751593055101397885e-06 5.509744807803330533e-04 3.969066061609631909e-06 2.207551392030887438e-07
8.500000000000000000e+03 4.465391192357254479e-05 3.728411842433210563e-05 1.129186719576010715e-04 1.143871220233282375e-04 7.784750608585648710e-07 3.710723670271541801e-04 1.265700858274556360e-06 5.490306682747011406e-04 1.651225907857745822e-06 1.146105186436696192e-07 3.880011288688546886e-05 4.744831448409096014e-05 1.097185024263724879e-04 1.143871220233282375e-04 7.784750608585648710e-07 3.710723670271541801e-04 1.265700858274556360e-06 5.490306682747011406e-04 1.651225907857745822e-06 1.146105186436696192e-07
8.600000000000000000e+03 4.544931760612161030e-05 3.702961349184560256e-05 1.103215150030957954e-04 1.104062154360707838e-04 8.854110652670583022e-07 3.703793983635396371e-04 1.411667556299045210e-06 5.450033373629215201e-04 1.621622453829152177e-06 1.084640336209081300e-07 3.935059430180556326e-05 4.688931508703903840e-05 1.059270627760261078e-04 1.104062154360707838e-04 8.854110652670583022e-07 3.703793983635396371e-04 1.411667556299045210e-06 5.450033373629215201e-04 1.621622453829152177e-06 1.084640336209081300e-07
8.700000000000000000e+03 4.566392077338460109e-05 3.678306548817655088e-05 1.092589011512210847e-04 1.096306446954694734e-04 1.003758617730446640e-06 3.701221305252108294e-04 1.456665503633712013e-06 5.418483235407030654e-04 1.681937104841522430e-06 1.532304197619057002e-07 3.965286696599995266e-05 4.676337494674967304e-05 1.053358164542481427e-04 1.096306446954694734e-04 1.003758617730446640e-06 3.701221305252108294e-04 1.456665503633712013e-06 5.418483235407030654e-04 1.681937104841522430e-06 1.532304197619057002e-07
8.800000000000000000e+03 4.552500717544635567e-05 3.734471024232345030e-05 1.143899955616240578e-04 1.206809133483906286e-04 1.906120762561663083e-06 3.808394516532757641e-04 1.949765208035214074e-06 5.371448805437462407e-04 2.353486382030714200e-06 7.379507288759261486e-07 3.974919696294354249e-05 4.662693193771420467e-05 1.066619118214771835e-04 1.206809133483906286e-04 1.906120762561663083e-06 3.808394516532757641e-04 1.949765208035214074e-06 5.371448805437462407e-04 2.353486382030714200e-06 7.379507288759261486e-07
8.900000000000000000e+03 4.559473471002132807e-05 3.596437349851398736e-05 1.002403239721578191e-04 1.199258192617238649e-04 3.762249352290318466e-06 3.658786427170835297e-04 7.575853836476298912e-06 5.542877401843622487e-04 3.040939543687381584e-06 1.173775825063786228e-07 4.050569393336408513e-05 4.674215794299381487e-05 9.946378822406157520e-05 1.199258192617238649e-04 3.762249352290318466e-06 3.658786427170835297e-04 7.575853836476298912e-06 5.542877401843622487e-04 3.040939543687381584e-06 1.173775825063786228e-07
9.000000000000000000e+03 4.701347538009480480e-05 3.675706957956472603e-05 9.975025205656583066e-05 1.232085330579372584e-04 8.179140669991235438e-06 3.621052406808038899e-04 2.473982893395568239e-06 5.659143918960585088e-04 1.238546070353742346e-05 1.491040400997530384e-06 4.155280679074216935e-05 4.675191093569987786e-05 9.153871927311862174e-05 1.232085330579372584e-04 8.179140669991235438e-06 3.621052406808038899e-04 2.473982893395568239e-06 5.659143918960585088e-04 1.238546070353742346e-05 1.491040400997530384e-06
9.100000000000000000e+03 4.688094949797609856e-05 3.856589248180314274e-05 8.858844633471458932e-05 3.144328858727232280e-04 1.227093245727568552e-05 4.787260080392821953e-04 1.091298990881965915e-05 6.556847254564807147e-04 1.599502109395808778e-05 1.529151210923683658e-06 4.235058140292683951e-05 4.944603799243789096e-05 8.491409086423812444e-05 3.144328858727232280e-04 1.227093245727568552e-05 4.787260080392821953e-04 1.091298990881965915e-05 6.556847254564807147e-04 1.599502109395808778e-05 1.529151210923683658e-06
9.200000000000000000e+03 4.555727109505819698e-05 3.571067902132749614e-05 1.015122200960711561e-04 1.509017710789751631e-04 2.709547692963012780e-06 3.710203659720137702e-04 2.219508200490826141e-06 5.615292677588119320e-04 4.537607025988455203e-06 1.363111124399028998e-07 4.119302707102917159e-05 4.724917329156268702e-05 9.770832780668107164e-05 1.509017710789751631e-04 2.709547692963012780e-06 3.710203659720137702e-04 2.219508200490826141e-06 5.615292677588119320e-04 4.537607025988455203e-06 1.363111124399028998e-07
9.300000000000000000e+03 4.701453295104173163e-05 3.611136195825383611e-05 1.026738424701246794e-04 1.152797857369881743e-04 7.631063062280503992e-06 3.726207146308238029e-04 8.312955128870631850e-06 5.316289196127960961e-04 7.846143296346237076e-06 1.024671818728358953e-07 4.176544699909950930e-05 4.522458509014884882e-05 9.684302701038960599e-05 1.152797857369881743e-04 7.631063062280503992e-06 3.726207146308238029e-04 8.312955128870631850e-06 5.316289196127960961e-04 7.846143296346237076e-06 1.024671818728358953e-07
9.400000000000000000e+03 4.696951205619790960e-05 3.558984466217944792e-05 9.219687311849475019e-05 1.028229177299681363e-04 1.116709731067705119e-06 3.600099253213723152e-04 1.728921925940505463e-06 5.342142760826599666e-04 1.789053987957847945e-06 7.855267278493120805e-08 4.210830468962509682e-05 4.658660384445191625e-05 8.951253208936206550e-05 1.028229177299681363e-04 1.116709731067705119e-06 3.600099253213723152e-04 1.728921925940505463e-06 5.342142760826599666e-04 1.789053987957847945e-06 7.855267278493120805e-08
9.500000000000000000e+03 4.714003781931985933e-05 3.534769111054379909e-05 8.873292337391120376e-05 1.026738470435210150e-04 9.090865952688014385e-07 3.570617507640063445e-04 1.305631100409564563e-06 5.350883076067073285e-04 1.633701342980258440e-06 7.560915392841917964e-08 4.269676063214811342e-05 4.671598908864223632e-05 8.662498404639340510e-05 1.026738470435210150e-04 9.090865952688014385e-07 3.570617507640063445e-04 1.305631100409564563e-06 5.350883076067073285e-04 1.633701342980258440e-06 7.560915392841917964e-08
9.600000000000000000e+03 4.587929820521696137e-05 3.520555917647882161e-05 1.146840354437629302e-04 1.185069582776514512e-04 6.518140873672782007e-06 3.944988727682363335e-04 2.607523626397915713e-06 5.219176761791595367e-04 6.183623461439867439e-06 6.059701417253060553e-07 4.155483411519115839e-05 4.463583436967576298e-05 1.020022501701573257e-04 1.185069582776514512e-04 6.518140873672782007e-06 3.944988727682363335e-04 2.607523626397915713e-06 5.219176761791595367e-04 6.183623461439867439e-06 6.059701417253060553e-07
9.700000000000000000e+03 4.572935835783721505e-05 3.443748607106329810e-05 9.710669002471184993e-05 1.074921265698410949e-04 7.618643735181041576e-06 3.626046389429155438e-04 2.508293536680098038e-06 5.323183853697327017e-04 9.900486707608782558e-06 3.495698315904007001e-07 4.216222000598481191e-05 4.588850509108387856e-05 9.346203289002663357e-05 1.074921265698410949e-04 7.618643735181041576e-06 3.626046389429155438e-04 2.508293536680098038e-06 5.323183853697327017e-04 9.900486707608782558e-06 3.495698315904007001e-07
9.800000000000000000e+03 4.561360804296410134e-05 3.592264713474536682e-05 1.139561687891880212e-04 1.075907735481573238e-04 8.506301977022929242e-06 3.808436968096645062e-04 3.481662511195953991e-06 5.214961960186092040e-04 1.019234661390940021e-05 2.173365615287018081e-06 4.218096494807608660e-05 4.540306552534671014e-05 1.017607074997558175e-04 1.075907735481573238e-04 8.506301977022929242e-06 3.808436968096645062e-04 3.481662511195953991e-06 5.214961960186092040e-04 1.019234661390940021e-05 2.173365615287018081e-06
9.900000000000000000e+03 4.714572524844977283e-05 3.462355454373299262e-05 8.073963497596616282e-05 1.008984248505267431e-04 7.311462508414779280e-07 3.530806649571575613e-04 1.218646437407786929e-06 5.318036284056035581e-04 1.182926286035089815e-06 7.051593141613210204e-08 4.319375623450693224e-05 4.695950406050624769e-05 7.973453168345603003e-05 1.008984248505267431e-04 7.311462508414779280e-07 3.530806649571575613e-04 1.218646437407786929e-06 5.318036284056035581e-04 1.182926286035089815e-06 7.051593141613210204e-08
1.000000000000000000e+04 4.625637694265173280e-05 3.509721597903763923e-05 1.121452995335388053e-04 1.117263898587382765e-04 1.263586256497329480e-05 3.855462598373160087e-04 1.179409194303717244e-05 5.153425135834108391e-04 1.065094020458793796e-05 1.662117221116982702e-06 4.291670242437082568e-05 4.539680202054419215e-05 9.793384703309767280e-05 1.117263898587382765e-04 1.263586256497329480e-05 3.855462598373160087e-04 1.179409194303717244e-05 5.153425135834108391e-04 1.065094020458793796e-05 1.662117221116982702e-06
1.000000000000000000e+04 4.625637694265173280e-05 3.509721597903763923e-05 1.121452995335388053e-04 1.117263898587382765e-04 1.263586256497329480e-05 3.855462598373160087e-04 1.179409194303717244e-05 5.153425135834108391e-04 1.065094020458793796e-05 1.662117221116982702e-06 4.291670242437082568e-05 4.539680202054419215e-05 9.793384703309767280e-05 1.117263898587382765e-04 1.263586256497329480e-05 3.855462598373160087e-04 1.179409194303717244e-05 5.153425135834108391e-04 1.065094020458793796e-05 1.662117221116982702e-06
1.100000000000000000e+04 2.850831820556552339e-05 1.422660116395101425e-05 1.297783722928596840e-05 8.499120720121323177e-05 1.522734193349586691e-06 2.962521311897813644e-04 1.031658645908004519e-06 4.553228568565362744e-04 2.474051043173533890e-06 2.360709470566127603e-07 4.111075441622980865e-05 3.173992445783625283e-05 1.839856945986765373e-05 8.499120720121323177e-05 1.522734193349586691e-06 2.962521311897813644e-04 1.031658645908004519e-06 4.553228568565362744e-04 2.474051043173533890e-06 2.360709470566127603e-07
1.200000000000000000e+04 2.129760029388296422e-05 6.292381878883146837e-06 8.844204879211125901e-06 9.372988868777298486e-05 4.826068584211481059e-07 2.877192599419375234e-04 4.394015016476372316e-07 4.352456871323635520e-04 1.501945102876166744e-06 6.517399885742162553e-08 6.138394191486980928e-05 2.318386699970133598e-05 2.654645957342224218e-05 9.372988868777298486e-05 4.826068584211481059e-07 2.877192599419375234e-04 4.394015016476372316e-07 4.352456871323635520e-04 1.501945102876166744e-06 6.517399885742162553e-08
1.300000000000000000e+04 1.887163725943075737e-05 4.926233461569178707e-06 6.690381184901450439e-06 9.531415995961813135e-05 2.525160798106615690e-07 2.855538701594356851e-04 4.441515122389840419e-07 4.295020682333071426e-04 7.719790916417767929e-07 1.081759121809587296e-07 5.200362224563018801e-05 9.747466815303040290e-06 9.529610480160965164e-06 9.531415995961813135e-05 2.525160798106615690e-07 2.855538701594356851e-04 4.441515122389840419e-07 4.295020682333071426e-04 7.719790916417767929e-07 1.081759121809587296e-07
1.400000000000000000e+04 1.718599085695929630e-05 4.029479896865157805e-06 5.700642086836837729e-06 9.516169949193082798e-05 3.972054394031249163e-07 2.824578848179084048e-04 4.399340925596085327e-07 4.286933155780602218e-04 8.127200559720681147e-07 5.052350560895409534e-08 3.911653198310599376e-05 8.457797212224176788e-06 1.375150784149109989e-05 9.516169949193082798e-05 3.972054394031249163e-07 2.824578848179084048e-04 4.399340925596085327e-07 4.286933155780602218e-04 8.127200559720681147e-07 5.052350560895409534e-08
1.500000000000000000e+04 1.683722142332920424e-05 3.028749180949674708e-06 5.082078443830670659e-06 9.587348522671040982e-05 3.954011663370030179e-07 2.812485260322981255e-04 4.442403411974146660e-07 4.270896262881595878e-04 7.665499729101998960e-07 7.711755186730230198e-08 3.494063700554395606e-05 7.378412510539974410e-06 1.823512298343893094e-05 9.587348522671040982e-05 3.954011663370030179e-07 2.812485260322981255e-04 4.442403411974146660e-07 4.270896262881595878e-04 7.665499729101998960e-07 7.711755186730230198e-08
1.600000000000000000e+04 1.638589608912996768e-05 2.786721428942155754e-06 4.238584852262634489e-06 9.633169598418969671e-05 3.300704727579355187e-07 2.803767685112943026e-04 3.703778671970949354e-07 4.266630028813095344e-04 6.183489708734754604e-07 3.694780238445127187e-08 3.179020140014815130e-05 6.950445018479797595e-06 2.030019122406986199e-05 9.633169598418969671e-05 3.300704727579355187e-07 2.803767685112943026e-04 3.703778671970949354e-07 4.266630028813095344e-04 6.183489708734754604e-07 3.694780238445127187e-08
1.700000000000000000e+04 1.580962958394855711e-05 2.402941045021781480e-06 3.765145620362284100e-06 9.634863093208311533e-05 3.138829025936987277e-07 2.814802007419067893e-04 3.583377108733547302e-07 4.247919472796273985e-04 6.300548926838236394e-07 3.444969471223445230e-08 2.855585454182330989e-05 6.553711901067118368e-06 2.582306454929679884e-05 9.634863093208311533e-05 3.138829025936987277e-07 2.814802007419067893e-04 3.583377108733547302e-07 4.247919472796273985e-04 6.300548926838236394e-07 3.444969471223445230e-08
1.800000000000000000e+04 1.563398792783402642e-05 2.214195089524449542e-06 3.335924470672063196e-06 9.606315481947232430e-05 2.526071555699368519e-07 2.804166557245067770e-04 3.647880961800326191e-07 4.254101620615350710e-04 6.411415916841585535e-07 3.688410751054574627e-08 2.616726414339206043e-05 5.963284027278658503e-06 2.839885887915054796e-05 9.606315481947232430e-05 2.526071555699368519e-07 2.804166557245067770e-04 3.647880961800326191e-07 4.254101620615350710e-04 6.411415916841585535e-07 3.688410751054574627e-08
1.891300000000000000e+04 1.533827878062372951e-05 2.232730693212077232e-06 3.259752675581425510e-06 9.606051149207754604e-05 2.116613702191009511e-07 2.804203773766214634e-04 3.345706222144378162e-07 4.248190036856806123e-04 6.462336105744495951e-07 2.721379787319324501e-08 2.542817624603827947e-05 5.663672393155184691e-06 3.025772881019754090e-05 9.606051149207754604e-05 2.116613702191009511e-07 2.804203773766214634e-04 3.345706222144378162e-07 4.248190036856806123e-04 6.462336105744495951e-07 2.721379787319324501e-08
1.953800000000000000e+04 1.533597713767566523e-05 2.234021460448612834e-06 3.260715417303409203e-06 9.605901166665174469e-05 2.111677309656895067e-07 2.803346375809945409e-04 3.355591671690478355e-07 4.248996503730562580e-04 6.462589822550325456e-07 2.681366147737904287e-08 2.541435572190490556e-05 5.664008046443066066e-06 3.027699057883654699e-05 9.605901166665174469e-05 2.111677309656895067e-07 2.803346375809945409e-04 3.355591671690478355e-07 4.248996503730562580e-04 6.462589822550325456e-07 2.681366147737904287e-08
2.016300000000000000e+04 1.533379324405839456e-05 2.233918115995448869e-06 3.261406417763565161e-06 9.604186632274990356e-05 2.106911893749608537e-07 2.802858771160458276e-04 3.363809493421260306e-07 4.249618612829383739e-04 6.464331155763936610e-07 2.644607378668545708e-08 2.539977732391730228e-05 5.663762657058276129e-06 3.029371739748861229e-05 9.604186632274990356e-05 2.106911893749608537e-07 2.802858771160458276e-04 3.363809493421260306e-07 4.249618612829383739e-04 6.464331155763936610e-07 2.644607378668545708e-08
2.078800000000000000e+04 1.533008884860746087e-05 2.233918445524213238e-06 3.262239708491178650e-06 9.603442046386201966e-05 2.102432353890653317e-07 2.802666625663814150e-04 3.369133898669553498e-07 4.249869450018406956e-04 6.467109597275636451e-07 2.612130867664091605e-08 2.538806066166296379e-05 5.664314491718923735e-06 3.030902234089856472e-05 9.603442046386201966e-05 2.102432353890653317e-07 2.802666625663814150e-04 3.369133898669553498e-07 4.249869450018406956e-04 6.467109597275636451e-07 2.612130867664091605e-08
2.141300000000000000e+04 1.532734791211146438e-05 2.233701421502890095e-06 3.262500433885181915e-06 9.602443871614079580e-05 2.099192876111768058e-07 2.802426160682435028e-04 3.374783161128177552e-07 4.250195133901553705e-04 6.469707045050902348e-07 2.587042595822753409e-08 2.537616685646110470e-05 5.664234693303251641e-06 3.032322682854595081e-05 9.602443871614079580e-05 2.099192876111768058e-07 2.802426160682435028e-04 3.374783161128177552e-07 4.250195133901553705e-04 6.469707045050902348e-07 2.587042595822753409e-08
2.203800000000000000e+04 1.532359848216784500e-05 2.233728005102686381e-06 3.262971660550651925e-06 9.602190660465228004e-05 2.096129043055786052e-07 2.802339010144593977e-04 3.378351513235394799e-07 4.250303367761342844e-04 6.472878963846164447e-07 2.564253308952496038e-08 2.536633493253462581e-05 5.664688411775956451e-06 3.033776431426548069e-05 9.602190660465228004e-05 2.096129043055786052e-07 2.802339010144593977e-04 3.378351513235394799e-07 4.250303367761342844e-04 6.472878963846164447e-07 2.564253308952496038e-08
2.266300000000000000e+04 1.532089727730506093e-05 2.233570216073755445e-06 3.262988508290236857e-06 9.601580019469149513e-05 2.093899880535938198e-07 2.802171613453565400e-04 3.382513643174588689e-07 4.250524758596821526e-04 6.475741150255050812e-07 2.546226048489881400e-08 2.535605040697089043e-05 5.664507089232914076e-06 3.035129142731491221e-05 9.601580019469149513e-05 2.093899880535938198e-07 2.802171613453565400e-04 3.382513643174588689e-07 4.250524758596821526e-04 6.475741150255050812e-07 2.546226048489881400e-08
2.328800000000000000e+04 1.531737254815120896e-05 2.233625515133417437e-06 3.263228372209079445e-06 9.601570209718053226e-05 2.091623582492372796e-07 2.802127380778204934e-04 3.384988207386590799e-07 4.250570225401697154e-04 6.479099041859291371e-07 2.528736337714402038e-08 2.534748720372187477e-05 5.664793170006306116e-06 3.036487471337224946e-05 9.601570209718053226e-05 2.091623582492372796e-07 2.802127380778204934e-04 3.384988207386590799e-07 4.250570225401697154e-04 6.479099041859291371e-07 2.528736337714402038e-08
2.391300000000000000e+04 1.531487820680898045e-05 2.233500005616049816e-06 3.263074425055609851e-06 9.601170050271387222e-05 2.089948784177895322e-07 2.801998902160433695e-04 3.388184931445785171e-07 4.250734947055748864e-04 6.482100834504476104e-07 2.514636236763711972e-08 2.533838837835422698e-05 5.664498822425985470e-06 3.037731088787608183e-05 9.601170050271387222e-05 2.089948784177895322e-07 2.801998902160433695e-04 3.388184931445785171e-07 4.250734947055748864e-04 6.482100834504476104e-07 2.514636236763711972e-08
2.453800000000000000e+04 1.531163889685891653e-05 2.233566380398080186e-06 3.263147501966983382e-06 9.601294805284426616e-05 2.088125985487273482e-07 2.801979067279306273e-04 3.389930965904675685e-07 4.250744511998779730e-04 6.485538903393909049e-07 2.500226219222286973e-08 2.533081460122191557e-05 5.664652378703828470e-06 3.038968383522678681e-05 9.601294805284426616e-05 2.088125985487273482e-07 2.801979067279306273e-04 3.389930965904675685e-07 4.250744511998779730e-04 6.485538903393909049e-07 2.500226219222286973e-08
2.516300000000000000e+04 1.530938501335047096e-05 2.233456610413426009e-06 3.262870321136132958e-06 9.601019129114965218e-05 2.086778701711523930e-07 2.801874811666039489e-04 3.392461949999079763e-07 4.250874101687866216e-04 6.488582325683020854e-07 2.488522305903188580e-08 2.532265738752303473e-05 5.664275446600227239e-06 3.040091557663870893e-05 9.601019129114965218e-05 2.086778701711523930e-07 2.801874811666039489e-04 3.392461949999079763e-07 4.250874101687866216e-04 6.488582325683020854e-07 2.488522305903188580e-08
2.578800000000000000e+04 1.530642276645346279e-05 2.233525142117733579e-06 3.262823576836934507e-06 9.601221378512946633e-05 2.085240547423569918e-07 2.801869958038898448e-04 3.393695792750885169e-07 4.250861768026872119e-04 6.492015980964515785e-07 2.476093840634283357e-08 2.531588343984556409e-05 5.664335721356358202e-06 3.041208306720509828e-05 9.601221378512946633e-05 2.085240547423569918e-07 2.801869958038898448e-04 3.393695792750885169e-07 4.250861768026872119e-04 6.492015980964515785e-07 2.476093840634283357e-08
2.641300000000000000e+04 1.530439795947262434e-05 2.233422674324788811e-06 3.262459554740940511e-06 9.601021713668274977e-05 2.084104326854989237e-07 2.801781474700297992e-04 3.395745174219805282e-07 4.250968693589767585e-04 6.495029899388742175e-07 2.465998809619905046e-08 2.530849021117697164e-05 5.663903892793739571e-06 3.042217813328639207e-05 9.601021713668274977e-05 2.084104326854989237e-07 2.801781474700297992e-04 3.395745174219805282e-07 4.250968693589767585e-04 6.495029899388742175e-07 2.465998809619905046e-08
2.703800000000000000e+04 1.530168424112768712e-05 2.233489066372654498e-06 3.262327990616034971e-06 9.601268320325403614e-05 2.082760676078740514e-07 2.801785920887501125e-04 3.396604291643961578e-07 4.250942916683259857e-04 6.498402745413125934e-07 2.454963577657692628e-08 2.530237074077574871e-05 5.663899888119343248e-06 3.043225347373070916e-05 9.601268320325403614e-05 2.082760676078740514e-07 2.801785920887501125e-04 3.396604291643961578e-07 4.250942916683259857e-04 6.498402745413125934e-07 2.454963577657692628e-08
2.766300000000000000e+04 1.529986413308690140e-05 2.233389438355141528e-06 3.261904160981728029e-06 9.601115532968887574e-05 2.081772137086289320e-07 2.801707918762829665e-04 3.398293126657624822e-07 4.251034962897617541e-04 6.501342936920823722e-07 2.446036259064911536e-08 2.529560482765127807e-05 5.663432660336456050e-06 3.044134143548216068e-05 9.601115532968887574e-05 2.081772137086289320e-07 2.801707918762829665e-04 3.398293126657624822e-07 4.251034962897617541e-04 6.501342936920823722e-07 2.446036259064911536e-08
2.828800000000000000e+04 1.529736732268233089e-05 2.233451600992388948e-06 3.261713177597886980e-06 9.601386502481501939e-05 2.080571677822957462e-07 2.801718085281774181e-04 3.398870405002625466e-07 4.251001050245179782e-04 6.504621855052669065e-07 2.436049244858039270e-08 2.529002616867677357e-05 5.663383896616303593e-06 3.045046554286099356e-05 9.601386502481501939e-05 2.080571677822957462e-07 2.801718085281774181e-04 3.398870405002625466e-07 4.251001050245179782e-04 6.504621855052669065e-07 2.436049244858039270e-08
2.891300000000000000e+04 1.529572595881217699e-05 2.233352347534248364e-06 3.261248994655019327e-06 9.601262586656579600e-05 2.079694042811174080e-07 2.801647164082868161e-04 3.400282611220889993e-07 4.251083198416906721e-04 6.507463594094484222e-07 2.428020042581228423e-08 2.528378130165066350e-05 5.662893974510638872e-06 3.045868411070720266e-05 9.601262586656579600e-05 2.079694042811174080e-07 2.801647164082868161e-04 3.400282611220889993e-07 4.251083198416906721e-04 6.507463594094484222e-07 2.428020042581228423e-08
2.953800000000000000e+04 1.529341694889549514e-05 2.233409281966609195e-06 3.261016699027368803e-06 9.601545713370765900e-05 2.078605528359974054e-07 2.801660778798464933e-04 3.400643685079231531e-07 4.251044505693466315e-04 6.510631103857125594e-07 2.418861035145179440e-08 2.527865442166690594e-05 5.662813216905035959e-06 3.046699208688972356e-05 9.601545713370765900e-05 2.078605528359974054e-07 2.801660778798464933e-04 3.400643685079231531e-07 4.251044505693466315e-04 6.510631103857125594e-07 2.418861035145179440e-08
3.016300000000000000e+04 1.529193059228131413e-05 2.233308991633386645e-06 3.260525914314254877e-06 9.601439408799717246e-05 2.077815989843841025e-07 2.801594733093463454e-04 3.401839665571684853e-07 4.251119972147072838e-04 6.513362131156801184e-07 2.411552044379918862e-08 2.527284762520972108e-05 5.662308625606840906e-06 3.047446636073381697e-05 9.601439408799717246e-05 2.077815989843841025e-07 2.801594733093463454e-04 3.401839665571684853e-07 4.251119972147072838e-04 6.513362131156801184e-07 2.411552044379918862e-08
3.078800000000000000e+04 1.528978421730622141e-05 2.233360254396973535e-06 3.260265118232757278e-06 9.601727267488753754e-05 2.076819072584630776e-07 2.801610360876155515e-04 3.402032366450912679e-07 4.251078611138172769e-04 6.516410457358094309e-07 2.403070178458442006e-08 2.526810261688885914e-05 5.662204193111376404e-06 3.048207591823334320e-05 9.601727267488753754e-05 2.076819072584630776e-07 2.801610360876155515e-04 3.402032366450912679e-07 4.251078611138172769e-04 6.516410457358094309e-07 2.403070178458442006e-08
3.141300000000000000e+04 1.528843230151642264e-05 2.233258093966814621e-06 3.259757377573841928e-06 9.601631513934774686e-05 2.076102527627403362e-07 2.801547755607499681e-04 3.403056757436215426e-07 4.251149479022962971e-04 6.519026105385634522e-07 2.396356523110242356e-08 2.526266870530047292e-05 5.661689948261632278e-06 3.048891230458576835e-05 9.601631513934774686e-05 2.076102527627403362e-07 2.801547755607499681e-04 3.403056757436215426e-07 4.251149479022962971e-04 6.519026105385634522e-07 2.396356523110242356e-08
3.203800000000000000e+04 1.528642730003184019e-05 2.233303528128545250e-06 3.259477144965980068e-06 9.601919659078392494e-05 2.075183097909864729e-07 2.801564501160378048e-04 3.403116700030956714e-07 4.251106762738649522e-04 6.521953308243182538e-07 2.388442679654076481e-08 2.525825033701524470e-05 5.661567326451357164e-06 3.049592164146884009e-05 9.601919659078392494e-05 2.075183097909864729e-07 2.801564501160378048e-04 3.403116700030956714e-07 4.251106762738649522e-04 6.521953308243182538e-07 2.388442679654076481e-08
3.266300000000000000e+04 1.528519236138917048e-05 2.233198993022956829e-06 3.258959207699887644e-06 9.601830046813596890e-05 2.074528913915400533e-07 2.801504402053989944e-04 3.404003116550971018e-07 4.251174381659633943e-04 6.524453438197279305e-07 2.382232546212689313e-08 2.525313763603868509e-05 5.661046574223066397e-06 3.050220791338435831e-05 9.601830046813596890e-05 2.074528913915400533e-07 2.801504402053989944e-04 3.404003116550971018e-07 4.251174381659633943e-04 6.524453438197279305e-07 2.382232546212689313e-08
3.328800000000000000e+04 1.528331088733550727e-05 2.233238590786216060e-06 3.258665982548447354e-06 9.602115897723904154e-05 2.073676626740691363e-07 2.801521717901822692e-04 3.403957237257303124e-07 4.251131110529669192e-04 6.527261028420830361e-07 2.374804621418985010e-08 2.524900185945297889e-05 5.660909468080106786e-06 3.050869733202899380e-05 9.602115897723904154e-05 2.073676626740691363e-07 2.801521717901822692e-04 3.403957237257303124e-07 4.251131110529669192e-04 6.527261028420830361e-07 2.374804621418985010e-08
3.391300000000000000e+04 1.528217818040105403e-05 2.233131371142696077e-06 3.258142602178071253e-06 9.602029698717529571e-05 2.073076900317600890e-07 2.801463517142906102e-04 3.404731360743020192e-07 4.251196353910128688e-04 6.529648160618736310e-07 2.369028184438472781e-08 2.524416894595003127e-05 5.660384218072661214e-06 3.051450494630877799e-05 9.602029698717529571e-05 2.073076900317600890e-07 2.801463517142906102e-04 3.404731360743020192e-07 4.251196353910128688e-04 6.529648160618736310e-07 2.369028184438472781e-08
3.453800000000000000e+04 1.528040523938255682e-05 2.233165203806283192e-06 3.257841004299077643e-06 9.602311837376943052e-05 2.072283802868457057e-07 2.801481078600641709e-04 3.404600281023411296e-07 4.251153001286607459e-04 6.532339647907812906e-07 2.362022615411008597e-08 2.524028022980927957e-05 5.660235218701090115e-06 3.052053964833480681e-05 9.602311837376943052e-05 2.072283802868457057e-07 2.801481078600641709e-04 3.404600281023411296e-07 4.251153001286607459e-04 6.532339647907812906e-07 2.362022615411008597e-08
3.516300000000000000e+04 1.527936230153408744e-05 2.233055111442701094e-06 3.257315545748746301e-06 9.602227390572584220e-05 2.071732381041054990e-07 2.801424381105787286e-04 3.405281961685546992e-07 4.251216433561814641e-04 6.534617821405823049e-07 2.356625430568336018e-08 2.523569348775959315e-05 5.659706800244137230e-06 3.052592660211677532e-05 9.602227390572584220e-05 2.071732381041054990e-07 2.801424381105787286e-04 3.405281961685546992e-07 4.251216433561814641e-04 6.534617821405823049e-07 2.356625430568336018e-08
3.578800000000000000e+04 1.527768523967699849e-05 2.233083294136587047e-06 3.257008922594914729e-06 9.602505116113158154e-05 2.070992116095647110e-07 2.801442004732794902e-04 3.405081628652557224e-07 4.251173266149320157e-04 6.537197826311127710e-07 2.349991950849385562e-08 2.523202281749366781e-05 5.659547800320419381e-06 3.053155956510631683e-05 9.602505116113158154e-05 2.070992116095647110e-07 2.801442004732794902e-04 3.405081628652557224e-07 4.251173266149320157e-04 6.537197826311127710e-07 2.349991950849385562e-08
3.641300000000000000e+04 1.527672149633893837e-05 2.232970221884042276e-06 3.256483787884046408e-06 9.602421434457388341e-05 2.070484022166284559e-07 2.801386553632950250e-04 3.405686365243234664e-07 4.251235251815753814e-04 6.539371896659195272e-07 2.344930738893250451e-08 2.522765462214105790e-05 5.659017140368000526e-06 3.053657309019305871e-05 9.602421434457388341e-05 2.070484022166284559e-07 2.801386553632950250e-04 3.405686365243234664e-07 4.251235251815753814e-04 6.539371896659195272e-07 2.344930738893250451e-08
3.703800000000000000e+04 1.527512957411715101e-05 2.232992895945580789e-06 3.256174593960964707e-06 9.602694480255714534e-05 2.069791345226306573e-07 2.801404144142286392e-04 3.405429222151217144e-07 4.251192407691396042e-04 6.541845601427407447e-07 2.338628918935240341e-08 2.522417801146709611e-05 5.658849590313645746e-06 3.054184760967893478e-05 9.602694480255714534e-05 2.069791345226306573e-07 2.801404144142286392e-04 3.405429222151217144e-07 4.251192407691396042e-04 6.541845601427407447e-07 2.338628918935240341e-08
3.766300000000000000e+04 1.527423600800405684e-05 2.232876794124234889e-06 3.255651513398774848e-06 9.602610998879872726e-05 2.069322428129207011e-07 2.801349771884627140e-04 3.405969228409869559e-07 4.251253182502894501e-04 6.543920803598379130e-07 2.333868719945768149e-08 2.522000538332135465e-05 5.658317379320442029e-06 3.054652646474629782e-05 9.602610998879872726e-05 2.069322428129207011e-07 2.801349771884627140e-04 3.405969228409869559e-07 4.251253182502894501e-04 6.543920803598379130e-07 2.333868719945768149e-08
3.828800000000000000e+04 1.527272005660601758e-05 2.232894118119870714e-06 3.255341570562548683e-06 9.602879353576446533e-05 2.068672902797703389e-07 2.801367287742405018e-04 3.405665066074070250e-07 4.251210721410586275e-04 6.546293609911158330e-07 2.327865566850504917e-08 2.521670276804601442e-05 5.658142443978956630e-06 3.055147825080720136e-05 9.602879353576446533e-05 2.068672902797703389e-07 2.801367287742405018e-04 3.405665066074070250e-07 4.251210721410586275e-04 6.546293609911158330e-07 2.327865566850504917e-08
3.891300000000000000e+04 1.527188893911064882e-05 2.232774980038029146e-06 3.254821801534523893e-06 9.602795768524487554e-05 2.068239615020581500e-07 2.801313884026363659e-04 3.406150052544261199e-07 4.251270438816857444e-04 6.548275284991091621e-07 2.323377735356225575e-08 2.521270637223712248e-05 5.657609232779694122e-06 3.055585457484710635e-05 9.602795768524487554e-05 2.068239615020581500e-07 2.801313884026363659e-04 3.406150052544261199e-07 4.251270438816857444e-04 6.548275284991091621e-07 2.323377735356225575e-08
3.953800000000000000e+04 1.527044108659061036e-05 2.232787124802913457e-06 3.254512477921240421e-06 9.603059563708986281e-05 2.067629413755570787e-07 2.801331315324115455e-04 3.405806637402798159e-07 4.251228374343913089e-04 6.550552600554240145e-07 2.317645965365649597e-08 2.520956078491245952e-05 5.657427886522697227e-06 3.056051341886821646e-05 9.603059563708986281e-05 2.067629413755570787e-07 2.801331315324115455e-04 3.405806637402798159e-07 4.251228374343913089e-04 6.550552600554240145e-07 2.317645965365649597e-08
4.016300000000000000e+04 1.526966576183332996e-05 2.232664977036179461e-06 3.253996940860268696e-06 9.602975729049955365e-05 2.067228665936848447e-07 2.801278806138995871e-04 3.406244391809768984e-07 4.251287135687976775e-04 6.552446025617017471e-07 2.313406713946128353e-08 2.520572418225160412e-05 5.656894141387769804e-06 3.056461418851681862e-05 9.602975729049955365e-05 2.067228665936848447e-07 2.801278806138995871e-04 3.406244391809768984e-07 4.251287135687976775e-04 6.552446025617017471e-07 2.313406713946128353e-08
4.078800000000000000e+04 1.526827921491890643e-05 2.232672122452823088e-06 3.253689274598265433e-06 9.603235169632247381e-05 2.066654435478808919e-07 2.801296160521577470e-04 3.405867934101121983e-07 4.251245455626533531e-04 6.554633132695077999e-07 2.307923477415859953e-08 2.520272113167351720e-05 5.656707225500876667e-06 3.056900526116727992e-05 9.603235169632247381e-05 2.066654435478808919e-07 2.801296160521577470e-04 3.405867934101121983e-07 4.251245455626533531e-04 6.554633132695077999e-07 2.307923477415859953e-08
4.141300000000000000e+04 1.526755392606172847e-05 2.232547017702662953e-06 3.253178646478334199e-06 9.603151032282198057e-05 2.066283498214113234e-07 2.801244494513077990e-04 3.406264756375183665e-07 4.251303329682277143e-04 6.556443416983151746e-07 2.303912796416515263e-08 2.519903021294876114e-05 5.656173358317355580e-06 3.057285341759922824e-05 9.603151032282198057e-05 2.066283498214113234e-07 2.801244494513077990e-04 3.406264756375183665e-07 4.251303329682277143e-04 6.556443416983151746e-07 2.303912796416515263e-08
4.203800000000000000e+04 1.526622279533551763e-05 2.232549350187568129e-06 3.252873431945725086e-06 9.603406354146421377e-05 2.065742265951728156e-07 2.801261788375410296e-04 3.405860262049822825e-07 4.251262008711998905e-04 6.558545393904194958e-07 2.298658720709469840e-08 2.519615721288628494e-05 5.655981615496643841e-06 3.057699826778032849e-05 9.603406354146421377e-05 2.065742265951728156e-07 2.801261788375410296e-04 3.405860262049822825e-07 4.251262008711998905e-04 6.558545393904194958e-07 2.298658720709469840e-08
4.266300000000000000e+04 1.526554254400705574e-05 2.232421361632826244e-06 3.252368211139779463e-06 9.603321912946219548e-05 2.065398701624239941e-07 2.801210928050622837e-04 3.406221293038690290e-07 4.251319044237137430e-04 6.560277418305855692e-07 2.294859565598944627e-08 2.519259976662937195e-05 5.655447999514111136e-06 3.058061358101343981e-05 9.603321912946219548e-05 2.065398701624239941e-07 2.801210928050622837e-04 3.406221293038690290e-07 4.251319044237137430e-04 6.560277418305855692e-07 2.294859565598944627e-08
4.328800000000000000e+04 1.526426170264382710e-05 2.232419071920630204e-06 3.252066059781398456e-06 9.603573357924527975e-05 2.064887808566113410e-07 2.801228181164453022e-04 3.405792830121338953e-07 4.251278051645774507e-04 6.562299095538941486e-07 2.289818028614680315e-08 2.518984597375345402e-05 5.655252094664897946e-06 3.058453089976172440e-05 9.603573357924527975e-05 2.064887808566113410e-07 2.801228181164453022e-04 3.405792830121338953e-07 4.251278051645774507e-04 6.562299095538941486e-07 2.289818028614680315e-08
4.391300000000000000e+04 1.526362213423645083e-05 2.232288288520089741e-06 3.251566611525241352e-06 9.603488638365233101e-05 2.064569422566932636e-07 2.801178097283707545e-04 3.406122301625973645e-07 4.251334285361234267e-04 6.563957480420374073e-07 2.286215702707481285e-08 2.518641135212385787e-05 5.654719072146655268e-06 3.058793062769138139e-05 9.603488638365233101e-05 2.064569422566932636e-07 2.801178097283707545e-04 3.406122301625973645e-07 4.251334285361234267e-04 6.563957480420374073e-07 2.286215702707481285e-08
4.453800000000000000e+04 1.526238710279237030e-05 2.232281569604035873e-06 3.251267995276842715e-06 9.603736440124805665e-05 2.064086474008173891e-07 2.801195329639212116e-04 3.405673203075898547e-07 4.251293589582732092e-04 6.565903419334259648e-07 2.281372277050026376e-08 2.518376728432397029e-05 5.654519605117871089e-06 3.059163683053886995e-05 9.603736440124805665e-05 2.064086474008173891e-07 2.801195329639212116e-04 3.405673203075898547e-07 4.251293589582732092e-04 6.565903419334259648e-07 2.281372277050026376e-08
4.516300000000000000e+04 1.526178441195631335e-05 2.232148092125760411e-06 3.250774583997064174e-06 9.603651479042025281e-05 2.063791278861033300e-07 2.801145997701435793e-04 3.405974629274737315e-07 4.251349051173241070e-04 6.567492511047460372e-07 2.277953959349639002e-08 2.518044614138255133e-05 5.653987490693732406e-06 3.059483622174242323e-05 9.603651479042025281e-05 2.063791278861033300e-07 2.801145997701435793e-04 3.405974629274737315e-07 4.251349051173241070e-04 6.567492511047460372e-07 2.277953959349639002e-08
4.578800000000000000e+04 1.526059126347620131e-05 2.232137137361448141e-06 3.250479866774535891e-06 9.603895855729497179e-05 2.063334107092720683e-07 2.801163227763953057e-04 3.405507648394069318e-07 4.251308622310291056e-04 6.569366997480323136e-07 2.273295984587853992e-08 2.517790345580112746e-05 5.653785004382641417e-06 3.059834589290400756e-05 9.603895855729497179e-05 2.063334107092720683e-07 2.801163227763953057e-04 3.405507648394069318e-07 4.251308622310291056e-04 6.569366997480323136e-07 2.273295984587853992e-08
4.641300000000000000e+04 1.526002211561001563e-05 2.232001074996587897e-06 3.249992679381997490e-06 9.603810692375515975e-05 2.063060295198054525e-07 2.801114625855471128e-04 3.405783973227102404e-07 4.251363337492667250e-04 6.570890866958782596e-07 2.270050366679534716e-08 2.517468754004616651e-05 5.653254086300934965e-06 3.060135856979109462e-05 9.603810692375515975e-05 2.063060295198054525e-07 2.801114625855471128e-04 3.405783973227102404e-07 4.251363337492667250e-04 6.570890866958782596e-07 2.270050366679534716e-08
4.703800000000000000e+04 1.525886739680521199e-05 2.231986076394205186e-06 3.249702140278391059e-06 9.604051843389896880e-05 2.062626930515873739e-07 2.801131869710767703e-04 3.405301403378682848e-07 4.251323148580681607e-04 6.572697914299456041e-07 2.265566618531483493e-08 2.517223885594771824e-05 5.653049072166426776e-06 3.060468480174977795e-05 9.604051843389896880e-05 2.062626930515873739e-07 2.801131869710767703e-04 3.405301403378682848e-07 4.251323148580681607e-04 6.572697914299456041e-07 2.265566618531483493e-08
4.766300000000000000e+04 1.525832886228912958e-05 2.231847543884620191e-06 3.249221303263921956e-06 9.603966514481645622e-05 2.062372852861303739e-07 2.801083977236338619e-04 3.405555114682293265e-07 4.251377140932697781e-04 6.574160363389060219e-07 2.262483623923264358e-08 2.516912084381950823e-05 5.652519612714799328e-06 3.060752305360817739e-05 9.603966514481645622e-05 2.062372852861303739e-07 2.801083977236338619e-04 3.405555114682293265e-07 4.251377140932697781e-04 6.574160363389060219e-07 2.262483623923264358e-08
4.828800000000000000e+04 1.525720952754722876e-05 2.231828690627314355e-06 3.248935153912339473e-06 9.604204619699788692e-05 2.061961500424149271e-07 2.801101248278919193e-04 3.405058882013157856e-07 4.251337168438004753e-04 6.575903721593660465e-07 2.258164057174655552e-08 2.516675959956200112e-05 5.652312514898291512e-06 3.061067770752224872e-05 9.604204619699788692e-05 2.061961500424149271e-07 2.801101248278919193e-04 3.405058882013157856e-07 4.251337168438004753e-04 6.575903721593660465e-07 2.258164057174655552e-08
4.891300000000000000e+04 1.525669902626474146e-05 2.231687805869922186e-06 3.248460746106367875e-06 9.604119156937460523e-05 2.061725649440427664e-07 2.801054045254118682e-04 3.405292100406659316e-07 4.251390460440621142e-04 6.577308294115621822e-07 2.255234623351726600e-08 2.516373296023375597e-05 5.651784750644753632e-06 3.061335271589465181e-05 9.604119156937460523e-05 2.061725649440427664e-07 2.801054045254118682e-04 3.405292100406659316e-07 4.251390460440621142e-04 6.577308294115621822e-07 2.255234623351726600e-08
4.953800000000000000e+04 1.525561238204393932e-05 2.231665283062696227e-06 3.248179143904077150e-06 9.604354377344279309e-05 2.061334670312761459e-07 2.801071354199035149e-04 3.404783836028207485e-07 4.251350684303668295e-04 6.578991462225026983e-07 2.251070171101030475e-08 2.516145329650026230e-05 5.651575969384701814e-06 3.061634662215447444e-05 9.604354377344279309e-05 2.061334670312761459e-07 2.801071354199035149e-04 3.404783836028207485e-07 4.251350684303668295e-04 6.578991462225026983e-07 2.251070171101030475e-08
5.016300000000000000e+04 1.525512763631738213e-05 2.231522165149525434e-06 3.247711206161049805e-06 9.604268806427725277e-05 2.061115665679936925e-07 2.801024820893863784e-04 3.404998384511886757e-07 4.251403297891826285e-04 6.580341457717704415e-07 2.248286079368527890e-08 2.515851218092294013e-05 5.651050111568476806e-06 3.061886863517406090e-05 9.604268806427725277e-05 2.061115665679936925e-07 2.801024820893863784e-04 3.404998384511886757e-07 4.251403297891826285e-04 6.580341457717704415e-07 2.248286079368527890e-08
5.078800000000000000e+04 1.525407129399741702e-05 2.231496152812525839e-06 3.247434264500320993e-06 9.604501285468692565e-05 2.060743560967789311e-07 2.801042175965136024e-04 3.404479481012143778e-07 4.251363701322504276e-04 6.581967698274365588e-07 2.244268495431051677e-08 2.515630884435324019e-05 5.650840006270807263e-06 3.062171174929067332e-05 9.604501285468692565e-05 2.060743560967789311e-07 2.801042175965136024e-04 3.404479481012143778e-07 4.251363701322504276e-04 6.581967698274365588e-07 2.244268495431051677e-08
5.141300000000000000e+04 1.525361028849064638e-05 2.231350920430957851e-06 3.246972807167375969e-06 9.604415626010975469e-05 2.060540137555532244e-07 2.800996292760325030e-04 3.404676939741143855e-07 4.251415658135514761e-04 6.583266187065697979e-07 2.241622237419795874e-08 2.515344799340908086e-05 5.650316241460716332e-06 3.062409021691117503e-05 9.604415626010975469e-05 2.060540137555532244e-07 2.800996292760325030e-04 3.404676939741143855e-07 4.251415658135514761e-04 6.583266187065697979e-07 2.241622237419795874e-08
5.203800000000000000e+04 1.525258212421650018e-05 2.231321592728111748e-06 3.246700603491726282e-06 9.604645491266874111e-05 2.060185534856043657e-07 2.801013699967298625e-04 3.404148595642509045e-07 4.251376227283334909e-04 6.584838541327307066e-07 2.237743971763872527e-08 2.515131625633151743e-05 5.650105133617747271e-06 3.062679174164535017e-05 9.604645491266874111e-05 2.060185534856043657e-07 2.801013699967298625e-04 3.404148595642509045e-07 4.251376227283334909e-04 6.584838541327307066e-07 2.237743971763872527e-08
5.266300000000000000e+04 1.525214307158872952e-05 2.231174362913734973e-06 3.246245612282095653e-06 9.604559757172778395e-05 2.059996532306827563e-07 2.800968447334889109e-04 3.404330345296691103e-07 4.251427548741697269e-04 6.586088380034250964e-07 2.235228643887008971e-08 2.514853092397914840e-05 5.649583624672899887e-06 3.062903542234633833e-05 9.604559757172778395e-05 2.059996532306827563e-07 2.800968447334889109e-04 3.404330345296691103e-07 4.251427548741697269e-04 6.586088380034250964e-07 2.235228643887008971e-08
5.328800000000000000e+04 1.525114119195472768e-05 2.231141887583330543e-06 3.245978194479931217e-06 9.604787122145422946e-05 2.059658173923779848e-07 2.800985910779793682e-04 3.403793600204097245e-07 4.251388272316762606e-04 6.587609683232143475e-07 2.231482743675559139e-08 2.514646651705224935e-05 5.649371800688906138e-06 3.063160390377630253e-05 9.604787122145422946e-05 2.059658173923779848e-07 2.800985910779793682e-04 3.403793600204097245e-07 4.251388272316762606e-04 6.587609683232143475e-07 2.231482743675559139e-08
5.391300000000000000e+04 1.525072250339060453e-05 2.230992774756960468e-06 3.245529635144619995e-06 9.604701322243243693e-05 2.059482527455142220e-07 2.800941269329778466e-04 3.403960856476777512e-07 4.251438979601704729e-04 6.588813530079665225e-07 2.229091963221681715e-08 2.514375240562461371e-05 5.648852687967729459e-06 3.063372094907318953e-05 9.604701322243243693e-05 2.059482527455142220e-07 2.800941269329778466e-04 3.403960856476777512e-07 4.251438979601704729e-04 6.588813530079665225e-07 2.229091963221681715e-08
5.453800000000000000e+04 1.524974521596508741e-05 2.230957312735168327e-06 3.245267026736588010e-06 9.604926288078540582e-05 2.059159260027102658e-07 2.800958791515125563e-04 3.403416619013988361e-07 4.251399848492888687e-04 6.590286426330097341e-07 2.225471993383982467e-08 2.514175146082021768e-05 5.648640401944436576e-06 3.063616435363586047e-05 9.604926288078540582e-05 2.059159260027102658e-07 2.800958791515125563e-04 3.403416619013988361e-07 4.251399848492888687e-04 6.590286426330097341e-07 2.225471993383982467e-08
5.516300000000000000e+04 1.524934547580507406e-05 2.230806427982850033e-06 3.244824848824927265e-06 9.604840426853611336e-05 2.058995992231533830e-07 2.800914742072124503e-04 3.403570460196643891e-07 4.251449962478738229e-04 6.591446755911650755e-07 2.223199831211365767e-08 2.513910466615372906e-05 5.648123804712756761e-06 3.063816237573850642e-05 9.604840426853611336e-05 2.058995992231533830e-07 2.800914742072124503e-04 3.403570460196643891e-07 4.251449962478738229e-04 6.591446755911650755e-07 2.223199831211365767e-08
5.578800000000000000e+04 1.524839126380254313e-05 2.230768133185785044e-06 3.244567053177202309e-06 9.605063083951828130e-05 2.058686757489313525e-07 2.800932324186302161e-04 3.403019530307328306e-07 4.251410969395547730e-04 6.592873712411875646e-07 2.219699810347596967e-08 2.513716366822998341e-05 5.647911281152326497e-06 3.064048815223992820e-05 9.605063083951828130e-05 2.058686757489313525e-07 2.800932324186302161e-04 3.403019530307328306e-07 4.251410969395547730e-04 6.592873712411875646e-07 2.219699810347596967e-08
5.641300000000000000e+04 1.524800920763857179e-05 2.230615583751337458e-06 3.244131193116869331e-06 9.604977162274890630e-05 2.058534970954623205e-07 2.800888847876814949e-04 3.403160919459814575e-07 4.251460510563998831e-04 6.593992829718727174e-07 2.217540736385553502e-08 2.513458063279261270e-05 5.647397299132376819e-06 3.064237427926073059e-05 9.604977162274890630e-05 2.058534970954623205e-07 2.800888847876814949e-04 3.403160919459814575e-07 4.251460510563998831e-04 6.593992829718727174e-07 2.217540736385553502e-08
5.703800000000000000e+04 1.524707670804352552e-05 2.230574602992795313e-06 3.243878196920993827e-06 9.605197591746334330e-05 2.058238797435488295e-07 2.800906490052064934e-04 3.402604006309976963e-07 4.251421649712191836e-04 6.595376150166638570e-07 2.214155084426180237e-08 2.513269637770840990e-05 5.647184735565497101e-06 3.064458940977369395e-05 9.605197591746334330e-05 2.058238797435488295e-07 2.800906490052064934e-04 3.402604006309976963e-07 4.251421649712191836e-04 6.595376150166638570e-07 2.214155084426180237e-08
5.766300000000000000e+04 1.524671120380051236e-05 2.230420491936838098e-06 3.243448580544137969e-06 9.605111607570858043e-05 2.058097668027552656e-07 2.800863568385861062e-04 3.402733809180783595e-07 4.251470638067802944e-04 6.596456203694580906e-07 2.212103923228964300e-08 2.513017385038206965e-05 5.646673450548408636e-06 3.064637033107518374e-05 9.605111607570858043e-05 2.058097668027552656e-07 2.800863568385861062e-04 3.402733809180783595e-07 4.251470638067802944e-04 6.596456203694580906e-07 2.212103923228964300e-08
5.828800000000000000e+04 1.524579918848876238e-05 2.230376964947603435e-06 3.243200356696314179e-06 9.605329882535552954e-05 2.057813663568710336e-07 2.800881269922573732e-04 3.402171545566873753e-07 4.251431904865122569e-04 6.597798040764649725e-07 2.208827418364962083e-08 2.512834340957454738e-05 5.646461020052910455e-06 3.064848137275289234e-05 9.605329882535552954e-05 2.057813663568710336e-07 2.800881269922573732e-04 3.402171545566873753e-07 4.251431904865122569e-04 6.597798040764649725e-07 2.208827418364962083e-08
5.891300000000000000e+04 1.524544922004159949e-05 2.230221390934253341e-06 3.242776901329121916e-06 9.605243831528884394e-05 2.057682434333769973e-07 2.800838884866083773e-04 3.402290545112916717e-07 4.251480359857832850e-04 6.598841034726479426e-07 2.206879312372583871e-08 2.512587841102365848e-05 5.645952497544362427e-06 3.065016337649780907e-05 9.605243831528884394e-05 2.057682434333769973e-07 2.800838884866083773e-04 3.402290545112916717e-07 4.251480359857832850e-04 6.598841034726479426e-07 2.206879312372583871e-08
5.953800000000000000e+04 1.524455657940342724e-05 2.230175450481736371e-06 3.242533411348950519e-06 9.605460018230671168e-05 2.057409779295722168e-07 2.800856644423464791e-04 3.401723499176238847e-07 4.251441750693438085e-04 6.600143401683289112e-07 2.203707055170568205e-08 2.512409910039770341e-05 5.645740351137203613e-06 3.065217649735076902e-05 9.605460018230671168e-05 2.057409779295722168e-07 2.800856644423464791e-04 3.401723499176238847e-07 4.251441750693438085e-04 6.600143401683289112e-07 2.203707055170568205e-08
6.016300000000000000e+04 1.524422123235194180e-05 2.230018507696285796e-06 3.242116027566755314e-06 9.605373894331232501e-05 2.057287754847503977e-07 2.800814778458790805e-04 3.401832407438306316e-07 4.251489691155656042e-04 6.601151207265039081e-07 2.201857434098168585e-08 2.512168889299330824e-05 5.645234641975404550e-06 3.065376550283551067e-05 9.605373894331232501e-05 2.057287754847503977e-07 2.800814778458790805e-04 3.401832407438306316e-07 4.251489691155656042e-04 6.601151207265039081e-07 2.201857434098168585e-08
